1000
0.0
0.0
7.333333333333333E-4
8.666666666666667E-4
0.002066666666666665
0.002600000000000004
0.0030000000000000005
0.0039333333333333425
0.004333333333333334
0.005466666666666668
0.006933333333333328
0.009333333333333317
0.011666666666666648
0.014133333333333303
0.015933333333333303
0.020133333333333312
0.024533333333333275
0.03186666666666656
0.03780000000000009
0.04766666666666695
0.05180000000000037
0.06006666666666712
0.06780000000000043
0.07893333333333398
0.08486666666666733
0.0947333333333339
0.10326666666666733
0.11086666666666743
0.12380000000000105
0.13846666666666707
0.1483333333333337
0.15779999999999986
0.1756666666666667
0.19379999999999983
0.21139999999999995
0.22493333333333299
0.24286666666666648
0.26113333333333233
0.2839333333333323
0.30606666666666527
0.3285333333333319
0.3531999999999979
0.38239999999999785
0.4071999999999976
0.4293333333333309
0.45833333333333176
0.4879333333333322
0.5042666666666655
0.5283999999999985
0.5522666666666666
0.5654666666666656
0.5884666666666672
0.6089333333333334
0.6316666666666665
0.6489999999999995
0.6704666666666664
0.6875333333333318
0.7022666666666671
0.7204666666666665
0.7408666666666655
0.7523999999999985
0.7707999999999984
0.7835999999999982
0.7944666666666652
0.8133999999999986
0.8255999999999987
0.8420666666666654
0.8555333333333323
0.8680666666666657
0.8807999999999987
0.8906666666666655
0.8929333333333322
0.9015333333333325
0.9087999999999987
0.9169999999999989
0.9247999999999991
0.9291999999999991
0.9350666666666659
0.9387999999999993
0.9422666666666657
0.9462666666666658
0.9510666666666662
0.9531999999999996
0.9543333333333329
0.959133333333333
0.9629999999999996
0.9680666666666666
0.9712666666666664
0.9742666666666665
0.9759999999999998
0.977533333333333
0.9810666666666665
0.9822
0.9828666666666664
0.9837333333333331
0.9845999999999998
0.9853999999999998
0.9861999999999999
0.9874666666666665
0.9884
0.9892000000000002
0.9898
0.9898
0.9903333333333335
0.9912000000000001
0.9914666666666668
0.9924
0.9933333333333333
0.9933333333333333
0.9935333333333333
0.9938666666666667
0.9944666666666667
0.9946
0.9947999999999999
0.9949333333333332
0.9952000000000001
0.9953333333333334
0.9955333333333334
0.9955333333333334
0.9959333333333334
0.9961333333333334
0.9962666666666667
0.9962666666666667
0.9964666666666667
0.9969333333333334
0.9970666666666668
0.9976666666666667
0.9978
0.9982000000000001
0.9982666666666667
0.9982666666666667
0.9982666666666667
0.9982666666666667
0.9982666666666667
0.9985333333333333
0.9985333333333333
0.9986666666666666
0.9989333333333332
0.9992
0.9994666666666667
0.9994666666666667
0.9997333333333334
0.9997333333333334
0.9997333333333334
0.9997333333333334
0.9997333333333334
0.9997333333333334
0.9997333333333334
0.9998666666666667
0.9998666666666667
0.9998666666666667
0.9998666666666667
0.9998666666666667
0.9998666666666667
0.9998666666666667
0.9998666666666667
0.9998666666666667
0.9998666666666667
0.9998666666666667
0.9998666666666667
1.0
