1000
0.0
0.0
2.0000000000000012E-4
2.400000000000003E-4
0.0012000000000000018
0.002320000000000003
0.002920000000000002
0.005040000000000001
0.006320000000000006
0.00788
0.00939999999999999
0.011959999999999959
0.016599999999999896
0.0178799999999999
0.020439999999999833
0.022679999999999766
0.027199999999999728
0.030479999999999688
0.03623999999999959
0.04131999999999951
0.04851999999999941
0.05427999999999936
0.06159999999999925
0.06831999999999935
0.07731999999999975
0.08491999999999976
0.09167999999999984
0.09992000000000002
0.10664000000000008
0.11584000000000008
0.12412000000000012
0.13508000000000023
0.14576000000000036
0.1569200000000002
0.16828000000000054
0.1815200000000006
0.19368000000000038
0.2025200000000006
0.21496000000000048
0.2284800000000002
0.2431200000000001
0.2528000000000001
0.26787999999999973
0.28063999999999945
0.2968399999999993
0.31399999999999967
0.33223999999999954
0.3484399999999996
0.3611599999999992
0.37651999999999913
0.39127999999999885
0.4054399999999985
0.42175999999999847
0.44139999999999896
0.4612799999999988
0.4765199999999988
0.4905199999999992
0.5106799999999986
0.5267199999999992
0.5419599999999984
0.5566400000000001
0.5674799999999999
0.5826
0.5954000000000007
0.6089999999999988
0.6218399999999993
0.6357199999999988
0.647959999999999
0.6654399999999989
0.6784799999999989
0.6958399999999989
0.7117599999999982
0.7239599999999993
0.7341999999999983
0.7425599999999982
0.7519999999999984
0.7624399999999987
0.7728399999999986
0.7808799999999995
0.7905199999999989
0.8010799999999986
0.809519999999998
0.816399999999998
0.8285599999999977
0.8370799999999978
0.8473999999999979
0.8529999999999982
0.8616399999999985
0.8672799999999994
0.875679999999999
0.879879999999999
0.8887599999999986
0.8946399999999981
0.9009599999999983
0.9067199999999985
0.9104799999999983
0.9145599999999985
0.919519999999999
0.924839999999999
0.9276399999999994
0.9291599999999995
0.9339999999999994
0.9369599999999993
0.9429199999999992
0.9451999999999992
0.9485199999999995
0.9513999999999995
0.9532399999999994
0.9545199999999995
0.9582799999999996
0.96196
0.9623200000000001
0.9634000000000004
0.9652400000000004
0.9686400000000004
0.9700800000000002
0.97248
0.9732399999999999
0.97364
0.9747600000000003
0.9750800000000003
0.9759200000000003
0.9769600000000004
0.9773200000000005
0.9778400000000004
0.9785600000000003
0.9798400000000007
0.9800400000000009
0.9804000000000008
0.9814400000000008
0.9829200000000009
0.9833600000000008
0.9842400000000009
0.9848000000000008
0.9852800000000008
0.9857200000000007
0.9860800000000008
0.986560000000001
0.9868800000000009
0.9889200000000006
0.9893200000000005
0.9894400000000005
0.9908000000000002
0.9908400000000002
0.9908800000000001
0.99104
0.9913600000000001
0.9920000000000001
0.9937199999999998
0.9939999999999999
0.9939999999999999
0.99408
0.9942000000000001
0.9958799999999998
0.9959199999999997
0.9959599999999998
0.9961199999999998
0.9961599999999998
0.9963199999999998
0.9963599999999997
0.9965599999999996
0.9970799999999997
0.9972399999999997
0.9972799999999996
0.9973999999999996
0.9973999999999996
0.9976399999999996
0.9976399999999996
0.9979199999999997
0.9980399999999997
0.9982799999999997
0.9982799999999997
0.9984399999999997
0.9984399999999997
0.9984399999999997
0.9985999999999998
0.9985999999999998
0.9985999999999998
0.9985999999999998
0.9987199999999998
0.9989199999999998
0.9990399999999998
0.99908
0.9991199999999999
0.9991599999999998
0.9991599999999998
0.9992399999999999
0.9993599999999999
0.99944
0.99944
0.9995599999999999
0.99976
0.99976
0.99976
0.99976
0.99988
0.99988
0.99988
0.99988
0.99988
0.99988
0.99988
0.99988
0.99988
0.99988
0.99988
0.99988
1.0
