127
102
68
130
67
143
105
94
143
154
97
115
86
140
137
159
140
169
102
79
110
84
84
97
116
138
65
79
154
149
94
97
94
110
79
102
86
72
61
65
79
150
72
66
104
149
80
82
55
92
92
87
98
104
154
78
154
62
116
88
65
84
102
104
60
92
81
62
78
84
154
97
143
70
61
149
150
78
110
154
98
105
103
94
86
107
154
56
105
52
139
154
66
92
79
70
105
102
95
93
181
98
83
66
88
74
143
48
56
115
89
154
86
149
107
98
86
88
105
94
61
48
96
191
78
89
84
102
104
154
72
79
149
76
105
87
85
79
149
154
94
149
79
92
98
93
84
90
63
84
72
107
107
61
103
118
81
94
154
140
102
118
140
78
62
86
59
97
78
115
71
92
75
78
69
72
104
82
140
81
92
79
95
61
103
84
82
148
82
97
99
120
52
94
114
82
88
140
82
102
130
154
104
80
98
80
95
94
90
82
143
78
92
154
98
126
92
92
85
78
85
95
64
102
140
94
154
149
86
94
94
131
115
73
90
108
80
62
84
98
90
63
72
115
97
94
63
64
65
154
95
89
99
92
154
78
122
91
86
94
140
110
182
154
107
90
56
54
102
86
77
88
98
95
96
75
93
94
89
104
82
86
94
140
90
82
105
105
104
94
84
86
97
143
73
154
141
105
89
79
91
84
115
153
132
68
94
98
97
86
73
154
114
154
125
70
61
85
94
105
104
59
92
109
81
120
115
105
105
162
101
127
65
109
102
143
88
89
173
78
82
51
143
69
117
143
97
95
129
70
87
149
105
79
99
73
82
149
86
87
69
97
154
94
154
92
84
97
116
86
67
92
143
149
140
61
102
105
154
140
89
84
104
84
114
98
84
78
116
92
89
111
79
81
105
78
95
140
154
135
140
78
94
93
63
69
65
65
110
92
104
63
98
176
94
85
98
94
92
143
70
102
81
105
95
97
88
94
82
143
97
90
79
61
132
154
69
68
73
102
114
89
97
149
149
97
82
92
208
85
65
56
86
149
88
94
84
68
105
149
92
52
91
65
143
86
140
107
154
80
42
88
71
58
73
86
90
93
133
90
149
82
61
84
62
59
90
115
104
99
94
63
94
63
140
95
82
94
105
102
67
162
97
180
83
97
97
133
84
115
73
89
94
64
165
61
140
104
46
84
154
143
104
104
62
67
140
113
143
105
82
94
98
104
65
94
58
94
92
102
73
143
65
102
72
86
92
72
96
92
82
149
90
154
62
108
102
149
154
65
84
70
117
157
102
94
64
105
91
63
111
105
82
56
55
140
81
89
92
79
148
89
77
82
81
95
70
154
63
77
105
95
143
104
69
104
140
73
87
82
107
97
94
94
77
84
135
65
114
88
171
83
93
84
88
94
78
94
65
90
143
104
65
143
73
89
136
86
69
97
192
86
117
98
110
105
102
106
61
106
82
82
120
107
78
54
105
154
127
94
105
149
123
101
70
102
78
131
97
84
110
78
79
143
85
84
154
143
93
94
92
85
63
84
72
84
149
104
72
92
94
102
87
130
92
86
108
97
81
130
62
94
161
82
84
95
124
89
140
92
102
148
86
92
91
92
73
75
73
189
61
163
77
143
59
76
95
181
95
154
97
94
140
93
99
106
143
84
102
82
98
71
104
115
84
187
87
82
63
140
88
105
114
71
79
99
92
97
140
120
108
86
84
110
76
149
94
94
135
140
84
138
88
196
102
95
104
72
84
102
149
84
104
94
107
111
77
102
143
54
96
118
94
102
73
105
70
143
69
72
64
90
100
167
82
141
111
95
86
92
73
188
84
91
79
75
97
121
78
154
84
149
140
61
104
78
117
92
104
59
123
140
90
78
99
104
78
89
131
97
111
102
170
63
148
72
61
72
104
72
99
102
72
95
149
61
65
95
82
140
84
154
70
92
75
75
150
125
92
140
140
97
104
94
162
54
74
149
98
90
149
81
66
140
127
61
143
62
85
102
93
154
115
131
149
113
72
68
89
98
149
95
79
140
84
96
98
119
143
65
99
84
140
104
143
59
102
143
125
78
73
58
102
94
90
120
115
88
92
154
117
131
104
90
87
92
86
139
97
94
105
86
149
102
110
55
98
82
80
133
138
64
108
98
86
92
86
169
104
94
77
84
140
126
76
133
82
73
97
102
86
89
67
94
154
140
95
104
140
59
114
106
127
83
110
105
83
59
117
90
143
54
86
113
92
72
56
59
78
99
149
107
167
56
92
79
56
91
111
68
