1000
0.0
0.0
0.0
1.0000000000000006E-4
8.999999999999995E-4
0.0012249999999999995
0.0014249999999999988
0.0018999999999999963
0.0025999999999999942
0.0036499999999999922
0.005375000000000008
0.007050000000000026
0.008875000000000023
0.010300000000000076
0.012900000000000088
0.014100000000000099
0.015300000000000114
0.018125000000000096
0.020500000000000025
0.02162500000000001
0.02412499999999993
0.026849999999999867
0.028899999999999853
0.031024999999999824
0.03307499999999979
0.03664999999999983
0.0406999999999997
0.04347499999999965
0.04567499999999974
0.04997499999999972
0.053499999999999735
0.058424999999999755
0.06317499999999988
0.06787499999999987
0.07112499999999992
0.07497500000000003
0.07849999999999994
0.08494999999999994
0.08777500000000012
0.09232499999999991
0.09689999999999996
0.10257499999999999
0.10832499999999991
0.11567499999999994
0.12060000000000003
0.12612499999999993
0.1325000000000002
0.1385749999999998
0.14579999999999985
0.15084999999999996
0.1599500000000002
0.16575000000000015
0.1740500000000001
0.18295000000000008
0.19120000000000031
0.19885000000000033
0.20667500000000025
0.21565000000000042
0.22387500000000052
0.23030000000000042
0.2375500000000004
0.2475500000000004
0.2558249999999999
0.2656999999999998
0.2768499999999997
0.28184999999999943
0.29257499999999975
0.3013249999999999
0.3089499999999996
0.31999999999999984
0.3294249999999994
0.34062499999999996
0.35137499999999994
0.36312500000000003
0.37465000000000015
0.38425
0.39680000000000015
0.40727499999999983
0.41732500000000006
0.42705000000000004
0.43864999999999976
0.4505500000000003
0.46132500000000026
0.47005
0.4793499999999998
0.4853249999999997
0.4959000000000002
0.5045250000000002
0.5171750000000008
0.5230999999999997
0.533299999999998
0.543475
0.5543999999999998
0.5639750000000006
0.5763999999999991
0.5865499999999986
0.5932749999999992
0.6051749999999996
0.6114249999999988
0.6217999999999995
0.6297999999999991
0.639649999999998
0.6474999999999994
0.6527249999999996
0.6642499999999996
0.6725499999999998
0.6785500000000003
0.6849749999999992
0.6963500000000001
0.7023750000000009
0.7103250000000007
0.7160500000000002
0.7231500000000002
0.7297250000000004
0.7370500000000009
0.7444500000000005
0.7506000000000004
0.7590250000000006
0.7632000000000009
0.7678000000000018
0.7790500000000007
0.784975000000002
0.7905500000000015
0.7970750000000012
0.8025250000000017
0.8075250000000022
0.8188000000000026
0.8230750000000018
0.8281750000000022
0.8353250000000022
0.8405000000000019
0.8452000000000018
0.8491000000000019
0.8543000000000017
0.8582500000000025
0.8630000000000023
0.8656500000000026
0.8720000000000034
0.877175000000003
0.881825000000003
0.8841750000000032
0.8867500000000034
0.8915000000000027
0.8952500000000035
0.8993000000000032
0.9010500000000032
0.905450000000004
0.9073500000000038
0.9091500000000038
0.911275000000004
0.9139750000000041
0.9166000000000039
0.918050000000004
0.9212000000000042
0.9255250000000048
0.9273250000000048
0.9303500000000049
0.9332500000000046
0.9352500000000051
0.9379250000000052
0.9404500000000051
0.9412250000000051
0.9429000000000055
0.9448250000000049
0.945675000000005
0.9472750000000052
0.9480250000000053
0.9490500000000054
0.9492250000000053
0.9495000000000052
0.9507250000000053
0.9526250000000049
0.9542750000000052
0.9549500000000053
0.9552500000000053
0.9563750000000052
0.957475000000005
0.9581750000000049
0.9595250000000046
0.9599750000000049
0.9604250000000047
0.961600000000005
0.9626250000000048
0.9647750000000042
0.9669000000000041
0.9689500000000034
0.9704000000000028
0.9708250000000028
0.9718000000000027
0.9722250000000029
0.9725750000000029
0.9741250000000029
0.9744250000000028
0.974600000000003
0.9753000000000028
0.9754000000000028
0.976325000000003
0.9764750000000031
0.9776750000000027
0.9787500000000027
0.9788000000000028
0.9788500000000028
0.9791500000000027
0.980400000000002
0.9809500000000021
0.9810250000000021
0.981100000000002
0.9824250000000019
0.982525000000002
0.9828750000000019
0.982975000000002
0.984025000000003
0.9842000000000032
0.9850250000000035
0.9862000000000034
0.9863500000000034
0.9865750000000033
0.9878500000000029
0.9879750000000027
0.9885000000000026
0.9889500000000028
0.9895500000000024
0.9896500000000025
0.9898250000000024
0.9901250000000023
0.9913250000000019
0.9913250000000019
0.9923500000000015
0.9925500000000015
0.9925750000000014
0.993550000000001
0.9936500000000013
0.9943500000000012
0.9943750000000012
0.9945750000000012
0.9946250000000011
0.9947250000000012
0.9947750000000012
0.9948000000000012
0.9948250000000012
0.9950750000000012
0.9950750000000012
0.9951000000000012
0.9952500000000012
0.9952500000000012
0.9952500000000012
0.9952750000000012
0.9953000000000012
0.9953000000000012
0.9953000000000012
0.9956250000000013
0.9956250000000013
0.9956250000000013
0.9956250000000013
0.996500000000001
0.996500000000001
0.996500000000001
0.996625000000001
0.9967250000000011
0.9967500000000011
0.9967500000000011
0.9967750000000011
0.9967750000000011
0.9968250000000012
0.9969500000000011
0.997075000000001
0.997075000000001
0.997075000000001
0.997125000000001
0.9978750000000006
0.9979000000000006
0.99895
0.998975
0.998975
0.998975
0.999075
0.999075
0.999075
0.999075
0.999125
0.999125
0.99915
0.99915
0.99915
0.99925
0.99925
0.99925
0.99925
0.99925
0.99925
0.99925
0.99925
0.99925
0.99925
0.99925
0.999325
0.999325
0.999325
0.999325
0.999325
0.999375
0.999375
0.999375
0.999375
0.999375
0.999375
0.9994
0.9994
0.9994749999999999
0.9995249999999999
0.9995249999999999
0.9995749999999999
0.9995749999999999
0.999675
0.999675
0.999675
0.999675
0.999675
0.999675
0.999675
0.999675
0.9996999999999999
0.9996999999999999
0.9996999999999999
0.9996999999999999
0.9996999999999999
0.9996999999999999
0.999775
0.999775
0.9997999999999999
0.9997999999999999
0.9997999999999999
0.9997999999999999
0.9997999999999999
0.9997999999999999
0.9997999999999999
0.9997999999999999
0.9997999999999999
0.9997999999999999
0.9997999999999999
0.9997999999999999
0.9997999999999999
0.9998250000000001
0.9998250000000001
0.9998250000000001
0.9998250000000001
0.9998250000000001
0.9998250000000001
0.9998250000000001
0.9998250000000001
0.9998250000000001
0.9998250000000001
0.9998250000000001
0.9998250000000001
0.9998250000000001
0.9998250000000001
0.9998250000000001
0.9998250000000001
0.9998250000000001
0.9998250000000001
0.9998250000000001
0.9998250000000001
0.9998250000000001
0.9998250000000001
0.9998250000000001
0.9998250000000001
0.9998250000000001
0.9998250000000001
0.9998250000000001
0.999875
0.999875
0.999875
0.999875
0.999875
0.999875
0.999875
0.999875
0.999875
0.999875
0.999875
0.999875
0.999875
0.999875
0.999875
0.999875
0.999875
0.999875
0.999875
0.999875
0.999875
0.999875
0.999875
0.999875
0.99995
0.99995
0.99995
0.99995
0.99995
0.99995
0.99995
0.99995
0.99995
0.99995
0.99995
0.99995
1.0
