131
104
97
101
75
111
140
91
83
121
87
82
88
117
91
86
115
87
80
119
99
70
87
117
78
114
75
137
133
93
82
62
93
78
91
78
94
131
74
88
79
68
85
130
106
79
79
130
76
104
105
164
146
101
97
105
89
84
94
161
86
86
128
127
116
87
103
93
83
101
84
108
90
83
89
115
97
102
103
75
115
89
94
86
79
78
71
77
142
91
75
72
83
93
103
73
54
114
208
106
102
179
146
91
90
70
82
74
121
95
86
74
82
64
98
128
81
78
113
98
127
119
118
96
63
104
73
76
70
67
80
109
142
100
102
102
116
92
80
94
82
60
89
71
78
73
78
164
61
77
96
84
92
67
92
99
83
102
86
196
100
126
175
78
82
114
72
117
82
103
131
124
98
89
93
120
103
187
78
68
87
77
101
89
100
101
90
91
89
90
88
103
76
93
118
88
68
84
67
82
130
82
87
91
80
87
111
91
71
87
77
63
93
98
78
76
89
79
113
119
105
73
87
85
91
78
79
93
106
68
86
69
71
90
94
79
79
92
145
124
91
123
87
67
101
84
100
81
104
81
102
84
67
87
67
112
142
107
109
93
85
113
127
117
81
79
112
100
59
133
92
106
78
108
118
86
116
122
98
104
108
92
105
124
118
116
75
71
106
79
226
77
100
95
99
57
126
110
125
113
101
85
90
71
80
101
147
82
88
77
82
77
62
78
78
84
112
66
73
99
83
141
61
143
81
70
105
80
72
70
95
90
95
127
105
100
77
165
64
74
87
87
117
78
95
70
124
89
92
88
162
167
96
95
83
75
89
77
62
77
67
76
80
69
83
183
76
88
105
90
89
91
91
86
57
110
72
75
162
144
94
89
82
78
61
93
83
80
84
94
56
98
73
82
92
95
101
115
88
76
69
112
72
113
91
83
81
70
96
85
161
66
88
152
71
66
93
91
92
92
80
77
70
96
68
84
107
69
81
68
88
73
63
74
122
122
74
81
68
70
72
220
66
77
105
107
88
82
135
99
128
72
87
84
100
95
89
114
92
83
104
102
69
128
81
147
69
111
88
102
88
71
88
103
81
87
69
65
89
73
87
147
77
80
93
65
126
88
70
95
76
82
70
98
90
65
104
87
92
127
51
68
122
82
65
93
105
103
70
106
85
122
180
76
89
71
88
115
61
81
75
81
77
127
87
75
56
71
81
102
98
112
104
70
124
80
96
84
87
96
75
82
77
128
128
115
67
77
117
92
68
84
121
75
121
81
196
105
75
91
62
111
79
107
75
74
100
67
124
74
99
94
65
96
112
88
128
95
67
90
69
79
80
110
87
71
79
103
77
86
64
96
87
169
60
103
75
72
134
87
64
85
114
73
78
85
103
77
107
69
96
87
87
84
99
119
104
82
204
77
120
101
90
81
67
60
65
76
77
71
81
91
90
72
168
97
94
90
136
129
65
187
92
79
112
76
67
62
93
83
80
108
91
94
83
77
75
117
82
106
126
77
146
100
116
76
97
84
112
87
91
112
121
73
90
88
81
68
120
60
111
114
80
88
69
116
79
103
84
98
103
85
95
67
65
106
79
65
72
111
80
115
95
109
121
98
85
88
67
102
127
72
87
143
170
171
142
82
160
151
84
87
88
119
80
177
73
90
91
71
61
118
57
71
75
119
58
117
127
121
67
123
104
143
79
103
148
108
151
136
127
153
83
83
119
71
93
95
119
131
78
157
91
111
75
125
70
75
63
91
89
99
69
75
86
51
77
90
95
122
98
86
69
71
131
97
62
82
73
90
86
112
84
107
113
96
86
151
104
67
151
83
114
56
73
181
80
117
83
97
120
81
131
104
95
113
152
89
111
95
95
62
99
132
94
88
79
68
77
85
115
75
72
98
73
85
101
64
99
129
87
85
98
97
108
96
71
86
92
64
135
75
79
87
86
91
76
92
103
60
83
89
79
99
119
105
70
93
95
79
130
124
125
131
107
108
82
84
71
54
107
115
86
87
104
113
96
81
128
80
78
74
106
91
110
101
86
90
91
87
108
55
108
178
90
85
101
82
77
64
87
123
91
86
121
76
98
101
87
70
87
85
103
91
86
143
94
70
109
139
99
138
124
102
147
80
70
92
111
78
128
141
79
103
82
67
94
137
94
99
128
61
78
76
125
112
124
89
105
84
82
83
90
89
84
157
102
113
152
111
107
92
77
65
95
139
118
104
113
90
97
112
87
140
85
96
85
75
79
71
77
91
93
98
156
103
107
66
89
89
