153
153
121
138
113
113
158
135
113
117
115
147
138
178
143
165
178
123
145
134
156
143
143
128
152
121
102
159
134
200
165
116
136
116
123
145
134
142
301
161
123
180
301
181
165
200
91
162
121
159
159
134
116
167
108
219
130
111
102
170
161
152
145
113
173
159
140
192
153
111
127
95
193
170
301
200
204
134
113
108
116
158
102
144
249
116
108
91
158
356
105
108
142
112
123
142
158
145
156
173
169
122
178
156
152
142
113
121
91
168
128
126
177
131
156
116
163
152
158
124
301
121
152
158
301
121
265
145
138
127
152
123
200
154
158
134
192
123
200
146
133
200
159
161
116
164
170
121
124
152
156
142
170
301
162
171
131
112
140
178
156
140
178
134
111
143
170
153
121
156
142
159
153
140
161
153
138
162
178
142
159
131
156
301
102
121
173
113
162
121
237
113
153
188
200
162
164
183
162
145
128
123
159
108
116
91
170
133
142
260
113
134
114
114
116
158
103
183
188
134
173
156
170
145
178
133
117
200
187
121
140
134
142
121
151
164
152
301
143
116
121
164
123
162
153
105
142
121
161
108
121
131
131
159
108
151
123
134
118
105
178
113
133
108
170
95
173
173
145
170
164
162
130
164
128
161
173
105
173
170
162
102
133
178
111
162
95
246
138
133
143
138
148
113
131
108
184
118
135
144
115
121
162
161
123
301
119
116
121
102
187
108
121
166
152
91
301
159
134
158
108
170
159
156
121
114
156
158
158
147
114
161
111
162
165
174
162
95
138
142
162
121
113
98
133
141
191
123
95
153
162
200
158
123
127
154
162
200
143
142
128
136
108
163
108
95
143
113
134
102
301
173
123
200
178
301
145
162
108
178
128
152
102
143
121
116
143
161
105
159
95
170
123
121
158
134
206
178
179
161
134
134
105
173
142
91
161
200
121
164
138
170
116
140
123
134
147
133
176
123
183
188
145
158
156
113
152
105
142
113
113
142
121
301
158
121
121
121
131
145
138
105
113
200
200
114
153
134
178
131
142
91
162
200
142
170
162
121
158
200
159
124
121
91
113
116
178
170
156
134
121
142
142
121
131
137
104
131
179
111
200
162
301
143
112
170
121
116
138
123
163
142
215
154
178
156
162
170
158
134
170
200
113
178
170
136
113
131
163
116
131
95
133
121
120
301
153
156
123
143
108
123
138
224
111
301
178
156
180
158
151
181
111
138
265
131
121
114
111
105
135
117
161
158
301
118
159
152
95
159
162
142
121
134
126
158
145
200
108
125
143
161
143
95
145
123
301
208
132
142
223
158
162
123
173
178
152
128
95
123
102
112
121
184
134
156
153
134
142
111
158
156
113
138
121
138
91
91
123
124
121
113
172
133
152
152
121
91
139
134
200
159
111
143
152
105
161
133
161
121
166
121
161
113
131
225
170
102
91
166
200
102
123
134
185
158
145
301
301
301
162
162
156
153
173
173
158
191
177
173
158
217
144
113
91
145
134
104
121
184
174
156
123
158
173
121
130
129
192
133
159
173
133
170
166
143
200
138
164
159
136
193
161
117
159
143
185
121
161
173
114
107
115
162
143
123
143
162
178
159
145
178
140
159
91
159
112
121
131
301
301
156
111
174
170
131
132
178
156
108
149
170
212
173
123
136
166
138
196
162
116
192
138
116
187
200
134
173
301
178
162
145
161
111
126
176
159
113
178
156
301
102
163
170
131
200
163
133
158
178
152
191
142
200
145
156
138
152
199
153
200
143
138
105
142
170
152
126
127
173
100
133
124
145
148
158
111
118
200
152
121
175
162
105
162
301
121
153
170
149
173
170
143
95
123
121
138
138
134
108
111
200
178
301
146
134
123
159
161
170
128
178
121
135
207
138
153
164
102
121
111
145
138
142
168
152
301
152
138
152
123
147
301
142
200
301
161
381
134
178
143
126
161
162
123
153
141
131
166
178
178
113
138
133
200
181
142
200
156
102
200
161
160
178
131
303
141
111
170
158
121
141
119
156
200
111
188
121
95
116
200
123
126
178
162
121
117
301
149
205
116
143
178
138
113
170
156
232
152
134
143
121
145
164
149
161
153
152
159
108
123
101
138
121
121
171
106
256
121
105
158
111
200
165
156
121
116
162
133
115
102
147
145
113
135
111
114
126
135
163
91
143
229
173
161
173
162
131
113
145
133
174
161
150
134
178
156
138
178
170
116
163
131
176
237
158
170
170
111
161
119
173
102
120
131
152
115
228
153
128
200
102
111
113
173
123
98
150
112
301
