1000
0.0
0.0
4.6666666666666666E-4
0.0025333333333333354
0.004533333333333335
0.005199999999999998
0.008199999999999995
0.011266666666666652
0.014399999999999977
0.017666666666666653
0.02339999999999993
0.025866666666666607
0.03433333333333331
0.042200000000000175
0.049000000000000314
0.06213333333333386
0.0718666666666673
0.0859333333333339
0.09753333333333389
0.1166000000000007
0.12733333333333416
0.14120000000000066
0.1598666666666666
0.18046666666666664
0.2007999999999997
0.22140000000000007
0.24113333333333317
0.2548666666666664
0.27873333333333317
0.3041999999999979
0.32526666666666504
0.3537333333333314
0.38359999999999744
0.4151333333333305
0.44166666666666327
0.46406666666666374
0.49166666666666425
0.5221999999999964
0.5451333333333331
0.5719333333333325
0.5985999999999995
0.6245333333333324
0.6427333333333317
0.6665999999999992
0.6876666666666659
0.707266666666665
0.7224666666666648
0.7343999999999975
0.7519333333333313
0.766133333333331
0.7798666666666635
0.7987333333333312
0.8104666666666641
0.8273333333333315
0.8368666666666648
0.8483333333333306
0.8565999999999971
0.8660666666666634
0.8745333333333302
0.8861999999999967
0.8915999999999963
0.9004666666666632
0.9088666666666638
0.9192666666666645
0.929333333333332
0.9377999999999991
0.9466666666666658
0.9506666666666653
0.957866666666666
0.962066666666666
0.9660666666666662
0.9666666666666661
0.969133333333333
0.9710666666666662
0.9746666666666661
0.9767999999999994
0.9787333333333328
0.9798666666666662
0.9823333333333334
0.9832
0.9835999999999999
0.9843333333333333
0.9852666666666665
0.9869333333333332
0.9877999999999999
0.9883333333333334
0.9897999999999999
0.9900666666666667
0.9906666666666666
0.9918666666666667
0.9919333333333333
0.9924
0.9925333333333333
0.9926
0.9933333333333334
0.9935333333333334
0.9936
0.9943333333333334
0.9945333333333333
0.9949333333333332
0.9953999999999998
0.9959333333333331
0.9959999999999998
0.9962666666666665
0.9966666666666666
0.9966666666666666
0.9969333333333332
0.9972666666666666
0.9972666666666666
0.9973999999999998
0.9973999999999998
0.998
0.9981333333333333
0.9981333333333333
0.9982666666666666
0.9984
0.9984
0.9986666666666666
0.999
0.999
0.999
0.9992
0.9992
0.9992
0.9992
0.9992
0.9994
0.9994
0.9994
0.9994
0.9994
0.9994
0.9994666666666667
0.9994666666666667
0.9994666666666667
0.9996
0.9996
0.9996
0.9996
0.9997333333333334
0.9997333333333334
0.9997333333333334
0.9997333333333334
0.9997333333333334
0.9997333333333334
0.9997333333333334
0.9997333333333334
0.9997333333333334
0.9998666666666667
0.9998666666666667
0.9998666666666667
0.9998666666666667
0.9998666666666667
0.9998666666666667
0.9998666666666667
0.9998666666666667
1.0
