1000
0.0
0.0
0.0
0.0
1.3333333333333334E-4
2.6666666666666635E-4
2.6666666666666635E-4
2.6666666666666635E-4
2.6666666666666635E-4
2.6666666666666635E-4
2.6666666666666635E-4
2.6666666666666635E-4
2.6666666666666635E-4
3.3333333333333327E-4
4.000000000000003E-4
4.000000000000003E-4
6.000000000000002E-4
7.333333333333337E-4
0.0013999999999999998
0.002066666666666667
0.002333333333333333
0.0026666666666666674
0.0027333333333333346
0.003800000000000004
0.004266666666666674
0.005266666666666672
0.006533333333333332
0.007199999999999997
0.009399999999999986
0.010533333333333325
0.011799999999999974
0.013599999999999982
0.015533333333333317
0.017666666666666626
0.01939999999999995
0.020999999999999953
0.024666666666666587
0.02746666666666659
0.03126666666666653
0.03326666666666661
0.03620000000000005
0.038000000000000145
0.042933333333333545
0.0465333333333336
0.049933333333333677
0.053933333333333784
0.05780000000000046
0.0632666666666674
0.07026666666666707
0.07420000000000036
0.08140000000000032
0.08886666666666701
0.09626666666666704
0.10200000000000033
0.10886666666666704
0.11373333333333373
0.12220000000000046
0.13100000000000087
0.13680000000000037
0.14413333333333347
0.15613333333333346
0.1644666666666664
0.1736666666666665
0.1832666666666663
0.19446666666666615
0.20526666666666615
0.21499999999999983
0.22646666666666654
0.2387333333333332
0.25253333333333233
0.26639999999999964
0.28206666666666574
0.2945999999999993
0.308999999999999
0.32133333333333175
0.33226666666666493
0.34433333333333144
0.36313333333333087
0.3783333333333307
0.3948666666666639
0.41033333333333083
0.42953333333333094
0.4437333333333312
0.4584666666666648
0.47639999999999816
0.4916666666666652
0.5110666666666653
0.5282
0.547
0.5621999999999993
0.5811333333333334
0.5920000000000003
0.605266666666667
0.6167333333333341
0.6293333333333342
0.6439333333333344
0.661066666666668
0.6755333333333354
0.6954000000000019
0.7102000000000019
0.7237333333333344
0.7364666666666676
0.7482000000000014
0.757866666666668
0.7708666666666678
0.7837333333333342
0.7920000000000001
0.7993333333333336
0.8076666666666662
0.8187333333333329
0.8251999999999997
0.8329999999999995
0.8436666666666657
0.8527999999999991
0.8617999999999992
0.867999999999999
0.8765333333333327
0.8814666666666657
0.8865333333333326
0.8908666666666661
0.8957999999999995
0.8994666666666661
0.9031999999999994
0.9071333333333328
0.9109333333333325
0.9127333333333325
0.9173999999999993
0.9225333333333325
0.925266666666666
0.9304666666666661
0.9339333333333327
0.937533333333333
0.9408666666666662
0.9434666666666663
0.9455999999999996
0.947733333333333
0.9506666666666664
0.9525999999999997
0.9537333333333331
0.9564666666666662
0.9597999999999999
0.9619333333333333
0.9626666666666664
0.9639999999999997
0.9664666666666664
0.9681999999999998
0.9701999999999997
0.9718
0.9725333333333331
0.9732
0.9743333333333333
0.9755999999999998
0.9765999999999999
0.9777333333333332
0.9792666666666665
0.9803999999999998
0.9812666666666664
0.9817999999999999
0.9830666666666668
0.9832000000000001
0.9838
0.9847333333333333
0.9851333333333333
0.9864
0.9870666666666669
0.9870666666666669
0.9878666666666668
0.9884000000000001
0.9885333333333334
0.9890000000000001
0.9892666666666667
0.9895333333333334
0.9898666666666668
0.99
0.9902666666666666
0.9905333333333333
0.9910666666666668
0.9914
0.9914
0.9917333333333332
0.9923333333333334
0.9924666666666667
0.9927333333333334
0.9931333333333334
0.9936000000000001
0.9939333333333333
0.995
0.995
0.995
0.9952
0.9957333333333334
0.9957333333333334
0.9958666666666667
0.9958666666666667
0.9958666666666667
0.9958666666666667
0.996
0.996
0.996
0.9962666666666666
0.9964666666666667
0.9964666666666667
0.9964666666666667
0.9966666666666667
0.9968666666666667
0.9968666666666667
0.9968666666666667
0.9973333333333334
0.9975333333333334
0.9975333333333334
0.9977333333333334
0.9977333333333334
0.9977333333333334
0.9977333333333334
0.9977333333333334
0.9979333333333332
0.9979333333333332
0.9980666666666668
0.9980666666666668
0.9982666666666667
0.9982666666666667
0.9982666666666667
0.9982666666666667
0.9984000000000001
0.9984000000000001
0.9984000000000001
0.9985333333333333
0.9985333333333333
0.9988666666666667
0.9988666666666667
0.9988666666666667
0.9991333333333333
0.9991333333333333
0.9991333333333333
0.9991333333333333
0.9991333333333333
0.9994666666666667
0.9994666666666667
0.9994666666666667
0.9994666666666667
0.9994666666666667
0.9994666666666667
0.9994666666666667
0.9994666666666667
0.9994666666666667
0.9994666666666667
0.9996
0.9996
0.9996
0.9996
0.9996
0.9996
0.9996
0.9996
0.9996
0.9996
0.9996
0.9996
0.9996
0.9996
0.9996
0.9996
0.9996
0.9996
0.9996
0.9996
0.9996
0.9996
0.9997333333333334
0.9997333333333334
0.9997333333333334
0.9997333333333334
0.9997333333333334
0.9997333333333334
0.9997333333333334
0.9998666666666667
0.9998666666666667
0.9998666666666667
0.9998666666666667
0.9998666666666667
0.9998666666666667
0.9998666666666667
0.9998666666666667
0.9998666666666667
0.9998666666666667
0.9998666666666667
0.9998666666666667
0.9998666666666667
0.9998666666666667
0.9998666666666667
0.9998666666666667
0.9998666666666667
0.9998666666666667
0.9998666666666667
0.9998666666666667
0.9998666666666667
0.9998666666666667
0.9998666666666667
0.9998666666666667
0.9998666666666667
0.9998666666666667
0.9998666666666667
0.9998666666666667
0.9998666666666667
0.9998666666666667
0.9998666666666667
0.9998666666666667
0.9998666666666667
1.0
