117
91
114
70
91
92
112
141
105
92
111
117
99
164
90
126
81
119
129
107
172
117
94
87
115
163
121
175
83
123
152
106
93
111
106
119
124
85
180
102
99
102
101
122
139
88
128
106
71
106
108
86
101
102
112
88
115
93
102
130
124
130
116
118
100
93
138
118
113
151
80
139
97
76
127
132
93
89
104
97
100
150
78
103
103
107
150
124
102
84
90
99
148
141
123
109
116
185
108
110
96
107
227
134
104
100
135
141
121
183
115
87
95
100
165
123
115
115
107
140
201
70
139
163
136
91
109
127
70
119
109
97
123
117
102
130
148
144
130
145
180
91
101
164
112
93
100
161
105
129
109
102
170
108
111
136
110
82
153
117
216
105
113
114
156
120
113
159
138
108
133
121
103
102
118
91
115
187
152
98
150
100
85
218
95
119
132
154
87
97
113
133
95
107
99
113
110
78
113
114
80
83
94
126
108
82
147
130
66
140
107
89
117
191
135
91
131
97
87
92
142
162
123
82
89
110
186
91
112
89
187
87
106
109
89
100
136
100
116
89
85
117
130
95
98
96
101
86
102
147
80
81
69
116
98
136
86
91
101
129
111
103
106
87
147
125
184
93
79
177
120
82
70
130
164
132
167
102
135
113
112
103
110
237
137
112
89
132
113
106
193
103
120
178
127
141
93
81
133
146
108
103
89
118
90
105
105
112
115
94
82
90
125
115
149
100
114
99
89
112
96
97
191
140
127
120
151
97
108
64
89
118
118
100
114
102
125
114
85
74
110
142
132
122
118
123
152
99
117
91
87
200
89
99
100
131
110
91
88
85
104
90
98
99
80
137
101
205
137
89
110
116
116
92
181
156
123
187
83
208
101
87
100
81
93
127
106
114
99
100
134
136
110
89
124
157
80
125
110
109
84
73
170
120
101
146
102
132
197
124
121
77
119
152
107
84
143
92
135
85
115
106
165
101
113
100
90
99
112
75
105
85
109
276
112
128
168
98
99
99
101
132
96
83
167
82
101
173
82
136
122
128
106
68
122
116
87
128
113
91
78
161
103
115
107
89
172
78
91
92
95
117
145
118
66
128
133
91
104
142
97
103
100
105
117
80
82
115
109
146
82
74
152
145
82
98
171
83
127
78
90
116
114
91
154
88
77
90
99
103
128
100
138
149
117
176
91
134
95
114
115
117
70
115
109
109
144
147
142
97
133
133
113
102
105
93
105
93
140
110
132
158
155
131
124
121
100
87
85
100
92
109
168
99
117
87
109
104
75
101
111
86
177
95
130
101
101
220
119
154
101
115
139
121
125
128
67
133
133
97
94
83
105
139
99
89
120
104
76
143
97
111
135
127
95
68
87
96
107
123
138
133
105
101
113
89
114
96
93
103
106
115
84
121
76
115
96
99
164
104
94
104
105
102
78
137
125
103
104
103
187
91
109
115
127
81
101
128
124
101
110
209
73
90
145
146
96
89
106
105
96
157
185
95
97
99
170
122
97
133
229
130
101
94
155
80
165
104
124
95
93
78
86
108
117
99
68
114
81
94
138
90
155
159
108
81
117
114
148
118
106
128
134
103
96
182
108
191
115
145
88
144
145
153
78
309
128
151
112
128
140
141
140
132
108
85
97
181
167
100
92
116
137
147
167
115
90
134
91
113
141
131
84
128
109
114
92
106
84
144
111
141
122
130
204
147
93
118
152
103
157
103
105
79
87
129
119
137
101
86
103
140
116
112
173
95
100
135
125
127
116
232
211
104
71
122
155
93
103
187
116
99
81
141
158
132
91
135
145
104
109
144
113
115
84
78
138
87
99
97
162
87
114
135
110
156
71
129
110
85
130
142
151
121
78
106
117
113
99
113
65
186
91
130
97
162
105
165
116
93
102
224
121
84
85
111
128
104
90
96
146
114
154
80
80
96
104
132
119
120
88
136
96
129
93
113
164
108
88
131
137
138
86
117
93
247
105
161
98
118
95
105
91
131
99
153
155
114
101
128
132
83
107
83
142
107
269
118
133
88
96
99
122
208
112
134
85
113
80
164
124
75
125
98
97
94
78
92
114
97
145
85
94
116
101
118
79
112
88
62
102
117
77
138
93
136
110
74
106
98
147
91
96
114
97
114
157
113
95
98
97
125
94
127
87
130
117
159
79
160
121
130
190
146
134
132
134
92
110
87
98
87
105
149
110
135
101
79
107
113
129
121
142
92
162
80
145
113
140
109
117
131
102
98
148
111
83
111
123
103
147
136
99
78
153
106
128
98
100
156
