190
156
131
186
172
199
226
160
199
208
124
177
127
204
164
143
204
143
270
143
231
187
187
93
164
96
172
143
221
224
145
118
185
177
143
270
121
228
133
155
143
199
144
127
186
218
200
184
272
255
255
100
177
186
208
157
208
139
121
183
97
235
270
98
127
255
189
139
129
163
208
143
199
183
185
218
226
138
118
208
195
226
134
110
121
177
208
200
226
272
185
208
232
166
143
228
226
270
231
127
130
177
145
192
170
228
199
272
172
231
164
208
121
222
128
177
187
164
226
185
133
272
164
226
165
109
194
270
186
208
164
143
224
228
226
130
152
143
218
208
110
218
143
97
280
97
183
163
139
164
164
228
183
133
184
255
222
185
208
204
231
110
204
138
139
187
183
141
111
231
228
255
128
111
97
128
186
184
204
228
255
143
231
133
148
139
184
199
184
138
231
107
272
185
97
184
222
121
184
270
143
208
255
172
177
172
183
143
228
184
199
155
139
208
177
226
168
128
147
84
127
231
183
270
204
146
208
218
184
105
110
132
155
109
89
164
164
133
187
177
272
228
172
184
149
185
228
138
208
208
272
143
222
255
208
140
143
97
134
187
204
165
125
208
183
145
127
127
270
183
164
184
177
164
172
106
157
185
172
183
184
124
110
204
205
184
172
226
187
127
187
121
117
199
233
208
144
314
143
143
159
100
184
97
223
133
185
177
116
121
328
208
272
208
164
175
133
161
85
226
241
186
255
231
109
155
231
226
226
272
138
99
139
184
270
199
184
161
186
228
184
272
199
172
127
199
102
143
143
128
184
218
226
143
185
222
184
218
187
228
172
143
208
185
208
143
187
126
225
121
133
173
199
218
204
133
270
226
208
204
143
164
168
187
272
177
187
205
185
255
143
183
167
121
226
133
231
204
208
126
131
84
185
139
228
172
131
132
112
233
186
228
312
110
185
96
177
110
255
199
128
270
222
226
231
172
164
185
127
199
121
228
136
370
226
208
96
96
222
270
186
143
128
218
218
138
272
121
204
233
228
172
184
218
276
110
184
96
226
218
255
272
272
172
199
130
204
183
231
138
272
228
228
272
222
172
143
222
127
139
218
184
133
187
309
183
96
177
186
143
110
228
185
228
204
231
184
118
226
161
183
218
116
204
183
228
118
222
187
177
285
143
110
272
139
165
128
186
272
187
208
199
186
186
139
133
204
231
199
226
147
157
139
186
100
185
272
185
157
185
172
266
112
270
133
121
255
164
145
255
184
228
272
208
164
226
270
218
208
106
187
102
258
145
270
185
134
226
143
228
185
226
184
172
139
204
164
162
143
143
144
145
272
184
91
231
137
208
228
139
226
164
199
186
272
186
172
200
143
272
272
124
110
189
164
164
138
172
177
222
218
158
166
187
164
187
97
200
199
124
301
139
129
199
222
159
183
121
172
222
218
121
143
98
272
226
310
133
173
158
184
184
231
128
127
127
226
208
210
157
226
218
143
151
172
270
91
143
96
142
120
142
147
199
215
121
406
199
129
255
255
233
217
183
164
187
218
186
164
255
187
270
97
221
255
187
128
186
228
127
216
185
143
184
187
143
187
184
204
255
270
204
121
255
172
255
172
272
222
179
134
231
139
199
233
222
143
204
231
208
220
129
204
157
143
172
199
111
141
184
177
166
186
177
187
218
127
184
133
204
184
270
97
220
143
255
255
123
204
231
133
121
187
110
222
218
192
143
226
204
237
109
228
218
270
231
186
164
187
266
218
187
186
185
228
183
164
185
199
127
143
129
185
270
228
226
139
199
155
164
96
127
184
192
184
133
134
272
220
296
137
269
187
145
143
272
117
186
127
208
147
218
204
133
186
159
143
255
132
183
143
204
96
139
255
186
128
143
121
136
185
270
186
228
231
164
133
164
186
164
143
270
133
228
218
133
116
97
89
204
187
208
130
184
272
128
199
222
255
204
204
155
186
127
218
127
228
218
231
121
218
97
172
204
233
133
199
203
183
394
272
208
177
231
218
139
164
160
229
177
218
143
143
204
184
143
177
133
199
118
185
187
204
186
199
183
231
199
164
84
251
272
270
110
143
155
128
164
255
208
143
154
186
124
131
255
144
226
192
185
226
172
218
270
231
272
177
184
272
172
210
272
270
123
125
139
236
143
143
185
200
187
204
154
98
166
184
222
93
270
168
172
109
155
208
204
231
186
204
183
177
145
222
184
231
226
183
183
139
138
199
127
124
205
222
164
172
183
188
185
218
121
139
172
127
143
172
143
185
133
