1000
0.0
0.0
2.0000000000000012E-4
0.001999999999999998
0.003933333333333342
0.004133333333333337
0.00553333333333333
0.006666666666666665
0.007999999999999991
0.01206666666666665
0.017066666666666626
0.01839999999999992
0.02353333333333328
0.027799999999999936
0.032199999999999916
0.04393333333333354
0.05126666666666702
0.06393333333333391
0.06960000000000044
0.08433333333333358
0.0938000000000003
0.10340000000000042
0.11966666666666716
0.13733333333333378
0.15153333333333352
0.17206666666666676
0.1863333333333334
0.19979999999999992
0.2178
0.24353333333333343
0.2673999999999998
0.28879999999999884
0.31066666666666554
0.3381333333333317
0.35886666666666445
0.3807999999999982
0.40379999999999794
0.43239999999999795
0.45973333333333105
0.49006666666666465
0.511799999999998
0.5487999999999994
0.579266666666666
0.6061333333333332
0.6245999999999997
0.6507333333333338
0.6721999999999989
0.6871333333333338
0.7118000000000003
0.7268000000000003
0.7439333333333323
0.7590666666666656
0.7725999999999987
0.7923333333333329
0.8034666666666659
0.8166666666666655
0.8277999999999985
0.8383333333333322
0.8542666666666644
0.864799999999997
0.8762666666666633
0.8877333333333303
0.8967999999999968
0.9065999999999976
0.9203333333333317
0.9260666666666656
0.933333333333332
0.9391999999999986
0.946399999999999
0.9518666666666661
0.9569333333333326
0.9580666666666661
0.961266666666666
0.9649999999999995
0.9696666666666662
0.9713333333333329
0.9725999999999997
0.9731999999999995
0.9738666666666664
0.9750666666666664
0.977133333333333
0.9797333333333328
0.9801333333333326
0.9812666666666661
0.9831333333333329
0.9841999999999995
0.9868666666666661
0.9882666666666661
0.9886666666666661
0.9891333333333329
0.990733333333333
0.9917333333333331
0.9920666666666664
0.9920666666666664
0.9927333333333331
0.993533333333333
0.993533333333333
0.9937999999999997
0.993933333333333
0.9945999999999998
0.9950666666666664
0.995533333333333
0.9956666666666664
0.9959999999999998
0.9961999999999999
0.9961999999999999
0.9961999999999999
0.9963333333333332
0.9965333333333332
0.9967999999999999
0.9967999999999999
0.9969333333333332
0.9973333333333333
0.9973333333333333
0.9976666666666667
0.9976666666666667
0.9976666666666667
0.9976666666666667
0.9978
0.9978
0.998
0.9982666666666666
0.9982666666666666
0.9982666666666666
0.9982666666666666
0.9984666666666667
0.9988666666666667
0.999
0.9990666666666668
0.9990666666666668
0.9990666666666668
0.9990666666666668
0.9990666666666668
0.9990666666666668
0.9990666666666668
0.9990666666666668
0.9990666666666668
0.9990666666666668
0.9990666666666668
0.9991333333333334
0.9991333333333334
0.9992666666666666
0.9994
0.9994
0.9994
0.9995333333333334
0.9995333333333334
0.9995333333333334
0.9995333333333334
0.9997999999999999
0.9997999999999999
0.9997999999999999
0.9997999999999999
0.9997999999999999
0.9997999999999999
0.9997999999999999
1.0
