1000
0.0
0.0
0.0
0.0
0.0
0.0
0.0
0.0
0.0
0.0
0.0
0.0
6.666666666666667E-5
1.3333333333333334E-4
1.3333333333333334E-4
1.3333333333333334E-4
2.666666666666666E-4
2.666666666666666E-4
8.666666666666677E-4
0.0013333333333333337
0.0013333333333333337
0.0015333333333333336
0.0015333333333333336
0.0017333333333333348
0.0018000000000000004
0.002333333333333336
0.002599999999999999
0.0032666666666666708
0.003933333333333343
0.004333333333333336
0.00526666666666667
0.005866666666666667
0.006266666666666668
0.007133333333333328
0.008199999999999989
0.00926666666666665
0.010333333333333325
0.011333333333333322
0.013133333333333313
0.013799999999999972
0.015466666666666658
0.01753333333333329
0.019666666666666627
0.02079999999999995
0.022666666666666627
0.025733333333333275
0.027533333333333264
0.02979999999999992
0.03420000000000004
0.037066666666666734
0.040800000000000176
0.044266666666666885
0.04813333333333361
0.05093333333333367
0.055133333333333756
0.058466666666667166
0.062066666666667034
0.06713333333333381
0.07000000000000042
0.07326666666666713
0.07740000000000041
0.08133333333333376
0.08526666666666707
0.08980000000000052
0.09453333333333379
0.09900000000000046
0.10453333333333378
0.11033333333333377
0.11706666666666711
0.12366666666666716
0.13066666666666701
0.13933333333333378
0.1456000000000001
0.15473333333333342
0.16506666666666694
0.1717333333333333
0.17820000000000003
0.18960000000000007
0.19873333333333326
0.2098666666666665
0.2203999999999999
0.22999999999999995
0.24246666666666658
0.25446666666666695
0.2673999999999999
0.28166666666666534
0.29279999999999984
0.30646666666666567
0.318999999999999
0.33073333333333194
0.346599999999999
0.3582666666666651
0.3705333333333315
0.3816666666666647
0.3961333333333316
0.40866666666666485
0.4251333333333312
0.4417999999999978
0.4579333333333311
0.47146666666666454
0.48839999999999784
0.5008666666666648
0.5101999999999979
0.5239333333333317
0.5385333333333324
0.5514666666666667
0.563866666666666
0.5770666666666655
0.5889999999999997
0.6032666666666667
0.6141333333333331
0.6250666666666664
0.6385999999999996
0.6532666666666658
0.6698666666666669
0.6795333333333331
0.6905333333333333
0.7025999999999993
0.7101333333333336
0.7210000000000002
0.7316666666666667
0.7404000000000001
0.7493333333333336
0.7572666666666664
0.7656666666666662
0.7720666666666663
0.7794666666666668
0.792133333333333
0.8015333333333332
0.8099333333333325
0.8159333333333325
0.8229333333333329
0.8297333333333329
0.8368666666666662
0.8434666666666657
0.8487999999999992
0.8529333333333325
0.8573333333333326
0.8620666666666664
0.8687333333333334
0.8727999999999997
0.8784666666666664
0.8827333333333329
0.8868666666666661
0.8907999999999996
0.8937999999999994
0.8979999999999991
0.9009333333333324
0.9034666666666658
0.9085333333333323
0.9125333333333323
0.9157333333333324
0.9191333333333325
0.9233333333333323
0.9270666666666657
0.9295333333333325
0.9344666666666661
0.939066666666666
0.9406666666666661
0.9425333333333329
0.9448666666666659
0.9466666666666659
0.9477999999999993
0.9517999999999994
0.9535333333333323
0.9547333333333324
0.9566666666666657
0.9577333333333325
0.9595333333333326
0.9611999999999994
0.9633999999999994
0.9639999999999994
0.9643999999999994
0.9651333333333328
0.9655333333333329
0.966533333333333
0.967733333333333
0.9703999999999996
0.9710666666666664
0.9723333333333329
0.9733999999999995
0.9737999999999997
0.9742666666666662
0.976333333333333
0.977333333333333
0.9778666666666663
0.9785999999999998
0.9794666666666664
0.9801333333333331
0.9813333333333331
0.9820666666666666
0.9829333333333332
0.9837999999999998
0.9845333333333333
0.9857333333333335
0.9862000000000001
0.9863333333333334
0.9863333333333334
0.9865333333333334
0.9878000000000002
0.9880000000000001
0.9883333333333334
0.9889333333333336
0.9892000000000002
0.9894000000000001
0.9901333333333333
0.9903333333333333
0.9907999999999999
0.9909333333333333
0.9911333333333332
0.9916666666666665
0.9917333333333334
0.9922000000000001
0.9927999999999999
0.9935333333333333
0.9938666666666667
0.9938666666666667
0.9942000000000002
0.9942000000000002
0.9944000000000001
0.9946000000000002
0.9947333333333335
0.9947333333333335
0.9950000000000001
0.9950000000000001
0.9951333333333334
0.9951333333333334
0.9951333333333334
0.9954000000000001
0.9954000000000001
0.9954000000000001
0.9954000000000001
0.9956666666666667
0.9959333333333334
0.9959333333333334
0.9959333333333334
0.9959333333333334
0.9959333333333334
0.996
0.996
0.996
0.996
0.996
0.996
0.9962000000000001
0.9962000000000001
0.9962000000000001
0.9963333333333334
0.9964666666666667
0.9964666666666667
0.9965333333333334
0.9967999999999999
0.9969333333333334
0.9970666666666668
0.9970666666666668
0.9974666666666667
0.9974666666666667
0.9976666666666667
0.9976666666666667
0.9976666666666667
0.9978666666666668
0.9980000000000001
0.9980000000000001
0.9980000000000001
0.9982000000000001
0.9982000000000001
0.9982000000000001
0.9984000000000001
0.9984000000000001
0.9984000000000001
0.9984000000000001
0.9984000000000001
0.9985333333333334
0.9986
0.9986
0.9986
0.9986
0.9986
0.9986
0.9986
0.9986
0.9986
0.9986666666666667
0.9986666666666667
0.9991333333333333
0.9991333333333333
0.9991333333333333
0.9992666666666666
0.9994
0.9994
0.9994
0.9994
0.9994
0.9994
0.9994
0.9994
0.9994
0.9994
0.9994
0.9994
0.9994
0.9994
0.9994
0.9994
0.9994
0.9994
0.9994
0.9995333333333334
0.9995333333333334
0.9995333333333334
0.9995333333333334
0.9995333333333334
0.9995333333333334
0.9995333333333334
0.9995333333333334
0.9995333333333334
0.9995333333333334
0.9995333333333334
0.9995333333333334
0.9995333333333334
0.9997333333333334
0.9997333333333334
0.9997333333333334
0.9998666666666667
0.9998666666666667
0.9998666666666667
0.9998666666666667
0.9998666666666667
0.9998666666666667
0.9998666666666667
0.9998666666666667
0.9998666666666667
0.9998666666666667
0.9998666666666667
0.9998666666666667
0.9998666666666667
0.9998666666666667
0.9998666666666667
0.9998666666666667
0.9998666666666667
0.9998666666666667
0.9998666666666667
0.9998666666666667
0.9998666666666667
0.9998666666666667
0.9998666666666667
0.9998666666666667
0.9998666666666667
0.9998666666666667
0.9998666666666667
0.9998666666666667
0.9998666666666667
0.9998666666666667
0.9998666666666667
0.9998666666666667
0.9998666666666667
0.9998666666666667
0.9998666666666667
0.9998666666666667
0.9998666666666667
0.9998666666666667
0.9998666666666667
0.9998666666666667
0.9998666666666667
0.9998666666666667
0.9998666666666667
0.9998666666666667
0.9998666666666667
0.9998666666666667
0.9998666666666667
0.9998666666666667
0.9998666666666667
0.9998666666666667
0.9998666666666667
0.9998666666666667
0.9998666666666667
0.9998666666666667
0.9998666666666667
0.9998666666666667
0.9998666666666667
0.9998666666666667
0.9998666666666667
0.9998666666666667
0.9998666666666667
0.9998666666666667
0.9998666666666667
0.9998666666666667
0.9998666666666667
0.9998666666666667
1.0
