1000
0.0
0.0
2.3333333333333322E-4
0.0010333333333333319
0.0020333333333333375
0.0028666666666666675
0.003766666666666664
0.004499999999999992
0.005333333333333329
0.0073666666666666525
0.008366666666666649
0.010599999999999962
0.012933333333333297
0.015066666666666628
0.016033333333333316
0.01956666666666672
0.022366666666666788
0.027933333333333567
0.03180000000000028
0.03650000000000029
0.03813333333333359
0.04263333333333361
0.04496666666666694
0.05046666666666692
0.056933333333333634
0.06266666666666705
0.06583333333333377
0.07273333333333365
0.0809666666666668
0.08749999999999991
0.09436666666666672
0.09920000000000019
0.10690000000000006
0.11290000000000017
0.11906666666666683
0.12530000000000027
0.13346666666666665
0.1430333333333329
0.1488999999999996
0.15856666666666608
0.16633333333333244
0.17483333333333237
0.18119999999999886
0.18996666666666573
0.20159999999999875
0.2143999999999989
0.22326666666666556
0.23436666666666575
0.2423666666666658
0.2545666666666657
0.2651333333333336
0.2775333333333334
0.28790000000000004
0.2992333333333328
0.31363333333333293
0.3248999999999996
0.33889999999999976
0.3539666666666665
0.3648333333333332
0.37823333333333325
0.3943999999999999
0.4077666666666664
0.42293333333333294
0.434833333333333
0.4490666666666665
0.46250000000000013
0.47839999999999994
0.48926666666666657
0.5013000000000002
0.5149666666666667
0.5269000000000003
0.541133333333332
0.5539333333333323
0.5647333333333329
0.5767333333333331
0.5934333333333325
0.6057999999999996
0.6150666666666653
0.623466666666667
0.6355999999999987
0.6480666666666663
0.6596000000000001
0.6662333333333332
0.6797333333333329
0.6881333333333336
0.6983666666666659
0.7104999999999996
0.7232666666666668
0.7329333333333331
0.7451333333333328
0.7558666666666668
0.7629666666666667
0.7703999999999996
0.7756333333333335
0.7877333333333332
0.7966333333333334
0.8035999999999999
0.8108333333333326
0.8167666666666663
0.826866666666666
0.8344333333333322
0.8395666666666654
0.8428999999999987
0.8490333333333318
0.8548666666666651
0.8672333333333319
0.8727999999999988
0.8796999999999987
0.8864999999999991
0.8905666666666662
0.8926333333333324
0.8980333333333328
0.9036000000000003
0.9087000000000002
0.9155333333333334
0.9212000000000004
0.924666666666667
0.928266666666667
0.9298666666666672
0.931833333333334
0.9382333333333335
0.9406
0.9431000000000002
0.9461666666666666
0.9497666666666669
0.9510333333333338
0.9546333333333337
0.9568000000000003
0.9583000000000003
0.9609666666666666
0.9637666666666668
0.9647000000000002
0.9672333333333334
0.9681666666666667
0.9695999999999999
0.9726999999999999
0.9735666666666666
0.9750999999999999
0.9771000000000002
0.9787333333333336
0.9796000000000004
0.979966666666667
0.9808000000000004
0.9819000000000002
0.9825333333333337
0.9833333333333338
0.9848333333333338
0.9863333333333337
0.9873333333333337
0.9880000000000003
0.9882333333333337
0.9883666666666672
0.9883666666666672
0.9888000000000005
0.9890666666666672
0.9895000000000005
0.9897333333333338
0.9897666666666671
0.9902000000000005
0.9903333333333338
0.990566666666667
0.990666666666667
0.9907333333333338
0.9911000000000004
0.9921333333333339
0.9921666666666672
0.9925000000000006
0.9927000000000006
0.9928666666666673
0.993033333333334
0.993033333333334
0.9930666666666673
0.9930666666666673
0.9931000000000005
0.9931000000000005
0.9942000000000001
0.9946000000000002
0.9948000000000001
0.9948666666666668
0.9949666666666667
0.9950000000000001
0.9952333333333334
0.9954000000000002
0.9954000000000002
0.9954000000000002
0.9954000000000002
0.9955000000000003
0.9955000000000003
0.9955333333333335
0.9955666666666668
0.9970666666666668
0.9970666666666668
0.9972000000000001
0.9972000000000001
0.9972000000000001
0.9972000000000001
0.9972000000000001
0.9972000000000001
0.9972000000000001
0.9985999999999998
0.9986666666666665
0.9987333333333333
0.9988333333333332
0.9988333333333332
0.9989666666666666
0.9989666666666666
0.9989666666666666
0.9989666666666666
0.9989999999999999
0.9989999999999999
0.9990333333333333
0.9990333333333333
0.9990666666666668
0.9991333333333333
0.9991333333333333
0.9991333333333333
0.9992
0.9992
0.9992
0.9992333333333332
0.9992333333333332
0.9992999999999999
0.9993333333333332
0.9993333333333332
0.9993333333333332
0.9993333333333332
0.9994666666666665
0.9994999999999998
0.9995666666666666
0.9996333333333334
0.9996333333333334
0.9996333333333334
0.9996333333333334
0.9996333333333334
0.9996333333333334
0.9996333333333334
0.9997333333333334
0.9997333333333334
0.9997333333333334
0.9998333333333332
0.9998666666666667
0.9998666666666667
0.9999333333333333
0.9999333333333333
0.9999333333333333
0.9999333333333333
0.9999333333333333
0.9999333333333333
0.9999333333333333
0.9999333333333333
0.9999333333333333
0.9999333333333333
0.9999333333333333
0.9999333333333333
0.9999333333333333
0.9999333333333333
0.9999333333333333
0.9999333333333333
0.9999333333333333
0.9999333333333333
0.9999333333333333
0.9999333333333333
0.9999333333333333
0.9999333333333333
0.9999333333333333
0.9999333333333333
0.9999333333333333
0.9999333333333333
0.9999333333333333
0.9999333333333333
0.9999333333333333
0.9999333333333333
0.9999333333333333
0.9999333333333333
0.9999333333333333
0.9999333333333333
0.9999333333333333
0.9999333333333333
0.9999333333333333
0.9999333333333333
0.9999333333333333
0.9999333333333333
0.9999333333333333
0.9999333333333333
0.9999333333333333
0.9999333333333333
0.9999333333333333
0.9999333333333333
0.9999333333333333
0.9999333333333333
0.9999333333333333
0.9999333333333333
0.9999333333333333
0.9999333333333333
0.9999333333333333
0.9999333333333333
0.9999333333333333
0.9999333333333333
0.9999333333333333
0.9999333333333333
0.9999333333333333
0.9999333333333333
0.9999333333333333
0.9999333333333333
0.9999333333333333
0.9999333333333333
0.9999333333333333
0.9999333333333333
0.9999333333333333
0.9999333333333333
0.9999333333333333
0.9999333333333333
0.9999333333333333
0.9999333333333333
0.9999333333333333
0.9999333333333333
0.9999333333333333
0.9999333333333333
0.9999333333333333
0.9999333333333333
0.9999333333333333
0.9999333333333333
0.9999333333333333
0.9999333333333333
0.9999333333333333
0.9999333333333333
0.9999333333333333
0.9999333333333333
0.9999333333333333
0.9999333333333333
0.9999333333333333
0.9999333333333333
0.9999333333333333
0.9999333333333333
0.9999333333333333
0.9999333333333333
0.9999333333333333
0.9999333333333333
0.9999333333333333
0.9999333333333333
0.9999333333333333
0.9999333333333333
0.9999333333333333
0.9999333333333333
0.9999333333333333
0.9999333333333333
0.9999333333333333
0.9999333333333333
0.9999333333333333
0.9999333333333333
0.9999333333333333
0.9999333333333333
0.9999333333333333
0.9999333333333333
0.9999333333333333
0.9999333333333333
0.9999333333333333
0.9999333333333333
0.9999333333333333
0.9999333333333333
0.9999333333333333
0.9999333333333333
0.9999333333333333
0.9999333333333333
0.9999333333333333
0.9999333333333333
0.9999333333333333
0.9999333333333333
0.9999333333333333
0.9999333333333333
0.9999333333333333
0.9999333333333333
0.9999333333333333
0.9999333333333333
0.9999333333333333
0.9999333333333333
0.9999333333333333
0.9999333333333333
1.0
