123
133
121
176
84
95
136
116
109
82
106
127
82
108
106
121
108
90
193
146
131
114
114
106
112
121
122
99
82
115
106
106
93
127
90
116
74
100
100
200
114
123
100
133
176
115
150
191
129
121
121
112
127
176
82
133
96
130
74
125
200
76
100
106
133
144
121
130
135
130
150
121
98
125
100
240
136
145
140
87
139
136
102
106
98
127
94
134
136
131
95
82
104
156
113
105
136
100
81
147
106
127
90
84
115
100
81
105
84
121
121
82
89
121
113
127
114
70
136
89
106
95
108
136
100
121
200
100
176
92
115
97
115
127
136
149
133
107
115
87
125
127
106
200
127
200
125
121
130
68
68
100
125
100
191
124
106
133
82
108
81
106
154
117
130
114
201
115
136
125
100
121
113
112
200
113
176
191
109
217
121
146
113
100
76
121
191
106
191
121
131
116
102
89
200
191
108
160
191
100
133
82
155
125
127
84
125
127
106
191
90
115
130
91
141
138
92
113
130
112
133
81
125
132
108
106
121
115
191
126
110
147
106
121
165
98
167
127
130
127
100
100
139
191
113
95
100
169
200
82
148
121
121
121
135
117
90
121
112
183
112
106
106
82
125
135
165
133
100
125
88
191
127
101
89
200
138
95
84
125
191
102
180
131
130
191
84
136
176
106
114
95
106
92
229
82
137
92
122
92
121
121
191
200
90
100
125
127
106
74
107
82
95
91
76
87
128
112
112
136
91
125
121
118
121
106
124
138
136
102
222
200
130
191
152
70
191
121
176
100
191
107
89
84
106
123
200
109
134
144
205
115
136
90
93
99
191
115
114
126
84
106
98
95
92
177
114
114
112
95
128
147
109
118
108
106
100
136
85
108
130
100
74
114
95
127
114
200
89
121
121
125
146
121
136
112
113
108
91
200
124
112
114
133
131
134
200
200
121
99
176
124
127
106
89
121
159
106
121
84
123
100
99
136
120
106
96
93
193
102
106
214
121
100
136
91
121
121
108
100
176
121
106
115
115
106
156
98
115
110
109
84
191
142
100
106
191
149
379
122
121
96
108
88
123
98
108
125
81
112
148
100
100
95
127
164
121
127
200
130
115
191
100
114
130
243
121
127
176
99
118
100
100
100
108
85
191
106
136
127
141
115
106
135
130
110
106
99
161
127
108
121
106
107
130
100
113
176
129
114
151
96
176
176
130
100
108
90
125
136
112
133
130
176
200
139
95
89
130
95
84
85
200
100
100
89
121
68
121
121
191
100
95
94
130
136
100
115
82
121
114
200
167
121
100
150
106
136
121
100
93
136
191
84
133
115
118
162
137
90
80
125
95
191
112
140
148
82
148
130
136
108
118
176
95
176
95
177
90
95
148
106
106
147
115
98
121
104
127
107
115
90
130
114
128
95
200
106
200
121
95
130
200
85
123
121
125
147
230
106
115
104
129
117
178
140
114
100
114
100
191
191
143
113
138
149
136
85
74
133
136
115
95
106
88
100
113
121
121
133
106
112
113
78
133
136
122
95
200
106
136
165
130
125
110
114
115
176
76
121
93
128
200
157
136
114
128
121
131
133
130
89
133
191
114
106
114
191
108
121
116
202
99
121
84
121
159
95
99
140
100
81
177
109
125
99
99
108
147
82
133
106
108
133
169
115
123
121
115
191
127
138
176
127
114
227
117
191
128
108
191
109
200
130
90
121
121
115
131
104
100
102
114
106
108
115
95
106
136
108
84
121
100
115
100
93
176
112
114
148
115
114
176
125
100
125
115
98
85
182
121
106
89
105
148
136
130
84
200
68
121
112
191
91
191
100
121
108
125
121
133
140
114
121
90
95
106
176
112
91
130
115
136
100
176
113
90
136
200
203
121
131
121
130
121
176
115
121
95
106
103
105
176
109
237
73
142
137
176
68
100
127
100
100
115
106
200
200
117
112
114
91
200
191
96
113
84
110
121
108
164
106
176
106
115
133
124
115
187
74
115
200
84
109
99
100
85
130
125
123
95
108
127
88
115
130
88
121
135
127
128
146
106
140
191
125
127
100
118
200
89
114
108
176
95
125
108
117
96
112
136
107
114
129
121
200
113
113
121
87
143
121
176
121
121
121
90
136
106
103
136
139
115
100
121
178
127
191
95
84
95
95
143
106
102
136
85
90
125
103
96
114
109
133
200
133
191
108
106
100
104
84
200
106
122
122
170
176
122
125
127
121
145
191
124
147
140
125
130
200
109
133
80
130
131
121
84
125
113
89
116
74
130
121
133
144
139
121
112
128
