1000
0.0
2.857142857142857E-5
2.857142857142857E-5
5.999999999999995E-4
0.0011714285714285713
0.0018285714285714264
0.0019428571428571398
0.0035999999999999904
0.003971428571428564
0.004628571428571426
0.006457142857142837
0.008828571428571389
0.010542857142857109
0.012142857142857112
0.014199999999999952
0.015314285714285678
0.016828571428571394
0.01874285714285707
0.021228571428571395
0.024342857142857055
0.02677142857142849
0.029628571428571327
0.03182857142857128
0.03557142857142861
0.03885714285714305
0.041457142857143144
0.043885714285714646
0.04982857142857191
0.053885714285714835
0.05888571428571485
0.06165714285714346
0.06728571428571482
0.07314285714285793
0.07854285714285804
0.0826000000000009
0.08871428571428673
0.09705714285714385
0.10337142857142961
0.10865714285714394
0.11754285714285809
0.1232857142857153
0.13034285714285876
0.13565714285714392
0.14408571428571543
0.15314285714285816
0.16508571428571514
0.17057142857142918
0.1782285714285722
0.18528571428571505
0.19117142857142938
0.20371428571428643
0.21277142857142933
0.22125714285714376
0.2321142857142868
0.24534285714285778
0.25657142857142984
0.26454285714285775
0.27517142857142934
0.2856285714285722
0.2944571428571435
0.3046285714285716
0.3143428571428573
0.3247428571428579
0.3360857142857147
0.3483142857142864
0.36031428571428603
0.37245714285714226
0.3859428571428565
0.398999999999999
0.4085999999999992
0.4177714285714275
0.42891428571428436
0.44474285714285566
0.45522857142857004
0.46197142857142726
0.4708571428571414
0.4787428571428558
0.4914571428571413
0.501742857142855
0.5124571428571428
0.5205999999999983
0.5261142857142836
0.5346571428571418
0.548142857142855
0.5579999999999986
0.5696285714285703
0.5786857142857127
0.58702857142857
0.6013999999999992
0.6110285714285716
0.6224285714285707
0.6290285714285713
0.638428571428572
0.6490857142857134
0.657885714285714
0.6668285714285709
0.6714857142857135
0.6817428571428559
0.6921428571428553
0.7042857142857135
0.7117714285714284
0.7202285714285701
0.727171428571428
0.7355714285714267
0.7468571428571397
0.755971428571425
0.7636285714285682
0.7697999999999963
0.773342857142854
0.7805142857142833
0.7859714285714255
0.7939428571428544
0.799771428571425
0.8089999999999973
0.8161714285714257
0.8238857142857118
0.8299714285714246
0.835228571428568
0.8406571428571394
0.8458857142857105
0.854371428571425
0.8585999999999965
0.8667999999999967
0.8701142857142824
0.8729714285714254
0.8768857142857107
0.8807714285714247
0.8856857142857101
0.8878571428571388
0.8926857142857105
0.8983428571428542
0.9003999999999969
0.9034571428571395
0.9081428571428538
0.911314285714282
0.9141714285714247
0.9155428571428534
0.919285714285711
0.9214571428571394
0.925771428571425
0.9286857142857108
0.9314571428571393
0.9333428571428536
0.9368285714285678
0.9384285714285681
0.9401428571428541
0.9417428571428542
0.9427714285714255
0.9447999999999972
0.94665714285714
0.9491142857142827
0.9508285714285686
0.95245714285714
0.9532285714285688
0.9535428571428545
0.9561142857142833
0.956428571428569
0.9590857142857124
0.9611142857142843
0.9623142857142846
0.9658857142857129
0.9679999999999986
0.9706857142857122
0.9730571428571406
0.9745142857142833
0.9761999999999972
0.97665714285714
0.9773714285714257
0.9778285714285685
0.9797999999999973
0.9805999999999974
0.9807999999999976
0.9823999999999983
0.983114285714284
0.9832857142857127
0.9840857142857128
0.9846285714285699
0.9862285714285702
0.9867714285714273
0.9871999999999989
0.9879714285714275
0.9880571428571416
0.9886285714285703
0.9892285714285703
0.9896571428571418
0.9897142857142848
0.9903142857142847
0.9910571428571417
0.9915999999999988
0.9916285714285701
0.9920285714285701
0.9927428571428558
0.9930571428571415
0.9930571428571415
0.9931428571428558
0.9932571428571415
0.9933428571428558
0.993485714285713
0.9937142857142843
0.995314285714285
0.995314285714285
0.995314285714285
0.9953428571428564
0.995628571428571
0.9957142857142852
0.9959428571428567
0.9960857142857138
0.9962857142857139
0.9962857142857139
0.9962857142857139
0.9963142857142853
0.9964857142857139
0.9965428571428567
0.9965714285714281
0.9967428571428567
0.9967999999999995
0.9969428571428566
0.9969428571428566
0.9970857142857137
0.9970857142857137
0.9970857142857137
0.9970857142857137
0.997171428571428
0.9972285714285708
0.9973142857142852
0.9973428571428566
0.9973428571428566
0.9974285714285709
0.9975428571428566
0.9976571428571424
0.9976571428571424
0.9977428571428567
0.9977428571428567
0.9977428571428567
0.9977428571428567
0.9977428571428567
0.9978857142857138
0.9978857142857138
0.9978857142857138
0.9978857142857138
0.9978857142857138
0.9979428571428566
0.9979428571428566
0.9979428571428566
0.9979428571428566
0.9981142857142852
0.9981142857142852
0.9981142857142852
0.9982285714285709
0.9982285714285709
0.9982285714285709
0.9982285714285709
0.9982285714285709
0.9982285714285709
0.9982285714285709
0.9983142857142853
0.9983142857142853
0.9983142857142853
0.9983142857142853
0.9983999999999995
0.9983999999999995
0.9983999999999995
0.9983999999999995
0.9983999999999995
0.9986571428571424
0.9986571428571424
0.9986571428571424
0.9986571428571424
0.9986571428571424
0.9986571428571424
0.9986571428571424
0.9986571428571424
0.9986571428571424
0.9986571428571424
0.9986571428571424
0.9986571428571424
0.9986857142857137
0.9986857142857137
0.9986857142857137
0.9986857142857137
0.9986857142857137
0.9987142857142852
0.9987142857142852
0.9987142857142852
0.9987142857142852
0.9987142857142852
0.9987142857142852
0.9987142857142852
0.9987142857142852
0.9987142857142852
0.9987142857142852
0.9987142857142852
0.9987142857142852
0.9987142857142852
0.9987142857142852
0.9987142857142852
0.9987142857142852
0.9987142857142852
0.9987428571428566
0.9987428571428566
0.9997142857142858
0.9997142857142858
0.9997714285714286
0.9997714285714286
0.9997714285714286
0.9997714285714286
0.9997714285714286
0.9997714285714286
0.9997714285714286
0.9997714285714286
0.9997714285714286
0.9997714285714286
0.9997714285714286
0.9997714285714286
0.9997714285714286
0.9997714285714286
0.9997714285714286
0.9998
0.9998
0.9998
0.9998
0.9998
0.9998571428571428
0.9998571428571428
0.9998571428571428
0.9998571428571428
0.9998571428571428
0.9998571428571428
0.9998571428571428
0.9998571428571428
0.9998571428571428
0.9998571428571428
0.9998571428571428
0.9998571428571428
0.9998571428571428
0.9998571428571428
0.9998571428571428
0.9998571428571428
0.9998571428571428
0.9998571428571428
0.9998571428571428
0.9998571428571428
0.9998571428571428
0.9998571428571428
0.9998571428571428
0.9998571428571428
0.9998571428571428
0.9998571428571428
0.9998571428571428
0.9998571428571428
0.9998571428571428
0.9998571428571428
0.9998571428571428
0.9998571428571428
0.9998571428571428
0.9999142857142858
0.9999142857142858
0.9999142857142858
0.9999142857142858
0.9999428571428571
0.9999428571428571
0.9999428571428571
0.9999428571428571
0.9999428571428571
0.9999428571428571
0.9999428571428571
0.9999428571428571
0.9999428571428571
0.9999428571428571
0.9999428571428571
0.9999428571428571
0.9999428571428571
0.9999428571428571
0.9999428571428571
0.9999428571428571
0.9999428571428571
0.9999428571428571
0.9999428571428571
0.9999428571428571
0.9999428571428571
1.0
