104
122
171
142
132
88
143
123
117
130
117
107
109
157
103
141
181
109
144
150
120
82
156
113
129
89
135
130
190
171
125
125
150
95
153
135
109
148
130
122
141
208
128
167
132
157
101
158
99
134
114
104
169
95
131
125
99
161
96
111
132
109
123
133
120
158
124
131
136
118
107
132
121
86
178
119
158
118
308
126
127
142
139
164
100
106
184
121
140
151
138
115
125
129
128
90
112
103
154
125
105
111
99
195
120
133
102
134
98
120
140
109
129
108
121
107
88
147
108
101
147
102
129
158
214
146
117
120
129
162
170
213
252
158
147
144
139
124
116
130
153
148
80
105
106
98
136
119
113
85
87
91
182
118
106
109
121
164
140
165
188
321
154
113
132
165
136
117
121
216
100
162
149
138
114
115
106
114
178
121
115
101
180
180
147
171
108
117
145
103
191
111
114
285
130
128
160
184
100
123
102
200
120
128
152
115
87
180
108
135
99
126
144
166
181
116
118
110
148
83
119
140
136
94
155
150
84
100
190
113
118
158
143
158
112
218
118
94
119
159
165
148
178
168
191
115
127
163
111
116
139
130
178
136
95
153
93
96
145
128
285
118
222
89
133
132
192
108
168
118
130
116
102
196
140
117
136
110
127
113
143
123
150
154
144
114
125
143
146
136
156
128
129
127
211
172
134
103
124
128
89
106
149
128
187
135
89
180
211
253
158
160
91
158
117
121
123
98
132
184
155
125
120
184
162
190
91
140
114
114
120
126
150
141
116
106
127
132
128
187
81
155
101
150
106
101
168
129
114
93
141
139
99
91
108
100
104
138
161
127
122
121
153
112
120
113
114
113
114
166
157
154
105
200
154
157
285
97
127
206
137
153
166
154
128
192
124
106
122
147
133
157
134
226
126
113
181
151
141
233
137
147
202
155
161
134
163
96
113
97
150
136
131
129
189
85
107
215
134
178
92
178
131
158
154
110
107
215
116
164
150
107
97
193
140
155
149
118
117
89
273
129
161
140
179
121
157
121
165
83
106
121
127
110
151
129
120
183
167
142
137
97
102
220
123
129
145
131
128
110
104
97
104
145
131
174
117
87
124
119
119
112
127
127
130
234
171
101
169
128
265
132
103
109
117
214
213
116
114
108
111
324
134
134
111
153
106
118
194
200
110
98
113
160
113
252
123
110
96
138
112
135
114
157
105
154
144
113
156
142
94
139
140
120
124
138
105
245
128
90
112
80
194
100
135
117
195
89
121
89
120
131
180
177
124
163
123
205
133
171
142
108
128
123
142
177
105
152
88
94
115
109
124
154
148
105
127
174
124
107
139
184
101
147
97
149
84
123
96
129
188
129
109
133
101
132
164
116
184
114
202
117
129
124
140
130
192
115
268
90
119
157
117
193
234
169
133
125
105
83
123
112
115
106
103
135
113
178
167
124
254
108
157
95
156
158
102
109
154
157
201
101
98
143
155
119
142
108
137
132
108
157
97
114
128
128
96
135
185
129
116
170
97
122
151
115
123
135
146
229
155
170
99
166
110
221
89
115
128
216
188
116
200
157
195
161
139
137
122
289
159
112
132
171
156
118
129
207
131
176
142
95
171
109
177
112
128
105
145
200
127
108
167
85
115
109
150
184
104
155
135
118
164
256
91
130
99
133
94
175
111
130
90
113
117
167
143
97
262
92
151
193
86
194
145
158
109
158
144
178
147
160
117
150
203
162
140
133
143
156
110
159
142
167
185
102
149
115
214
98
116
119
128
178
98
125
169
101
98
112
157
116
150
94
102
182
197
105
157
116
141
127
213
160
147
84
138
108
101
104
129
126
206
101
105
105
100
147
92
127
165
151
114
256
147
114
142
112
164
141
128
122
62
113
164
101
115
102
89
154
115
117
176
121
158
107
170
186
177
102
87
114
165
164
134
124
111
164
153
100
143
108
142
193
94
173
209
152
159
144
144
159
135
132
167
249
126
390
145
99
120
168
99
204
93
100
158
113
288
127
215
104
133
75
157
114
157
88
99
162
98
196
185
156
132
119
95
190
102
126
150
131
144
130
82
108
208
174
125
75
138
110
101
120
104
80
153
115
137
172
176
146
106
115
178
128
129
154
152
116
136
195
200
258
164
120
142
95
121
123
145
101
129
118
155
131
138
121
175
130
125
156
164
180
183
91
113
143
111
131
184
106
169
141
115
115
113
141
140
128
129
133
113
122
100
120
122
125
261
139
150
115
110
143
137
162
114
189
97
150
179
145
144
130
171
168
118
128
144
136
