1000
0.0
1.3333333333333334E-4
0.0014000000000000004
0.002933333333333334
0.009066666666666678
0.010133333333333328
0.0157333333333333
0.021733333333333275
0.0313999999999999
0.041133333333333535
0.053266666666667135
0.061800000000000625
0.0748666666666671
0.08660000000000048
0.10200000000000063
0.12940000000000051
0.14600000000000005
0.17253333333333304
0.19046666666666617
0.22079999999999939
0.24646666666666586
0.26253333333333206
0.28553333333333186
0.3103999999999989
0.33966666666666545
0.3676666666666649
0.3981333333333319
0.41879999999999834
0.44293333333333185
0.47286666666666544
0.5002666666666654
0.5294666666666665
0.5576666666666658
0.5857333333333334
0.616333333333333
0.6390666666666656
0.6637333333333318
0.6903999999999996
0.7085333333333315
0.7308666666666653
0.747866666666665
0.7621999999999974
0.7782666666666637
0.7976666666666635
0.8103333333333298
0.8215333333333299
0.8393333333333298
0.8495333333333286
0.8643999999999957
0.8724666666666624
0.8785333333333286
0.887399999999996
0.8911999999999961
0.8993999999999969
0.9045333333333304
0.9115999999999965
0.9151333333333292
0.9217999999999958
0.9286666666666626
0.9357333333333296
0.9391333333333296
0.9451333333333302
0.949199999999997
0.9565333333333312
0.9627333333333319
0.9669999999999989
0.9705999999999989
0.9728666666666654
0.9773333333333328
0.9795999999999992
0.9815999999999993
0.9821999999999993
0.9825999999999993
0.984466666666666
0.9847999999999993
0.9850666666666661
0.9856666666666659
0.9856666666666659
0.988333333333333
0.9889333333333329
0.989933333333333
0.9908666666666663
0.9913333333333331
0.9913333333333331
0.991533333333333
0.9918666666666665
0.9939333333333331
0.9939333333333331
0.9943333333333333
0.9947333333333334
0.9955333333333333
0.9962666666666666
0.9965999999999999
0.9966666666666665
0.9966666666666665
0.9971333333333333
0.9971333333333333
0.9971333333333333
0.9972666666666666
0.998
0.9982666666666667
0.9984000000000001
0.9984000000000001
0.9984000000000001
0.9987333333333335
0.9987333333333335
0.9988666666666668
0.9988666666666668
0.9988666666666668
0.9988666666666668
0.9988666666666668
0.9990000000000001
0.9990000000000001
0.9990000000000001
0.9991333333333333
0.9991333333333333
0.9991333333333333
0.9991333333333333
0.9991333333333333
0.9991333333333333
0.9991333333333333
0.9991333333333333
0.9992666666666666
0.9992666666666666
0.9992666666666666
0.9994666666666667
0.9994666666666667
0.9994666666666667
0.9998666666666667
0.9998666666666667
0.9998666666666667
0.9998666666666667
0.9998666666666667
0.9998666666666667
0.9998666666666667
0.9998666666666667
0.9998666666666667
0.9998666666666667
0.9998666666666667
0.9998666666666667
1.0
