1000
0.0
0.0
6.666666666666667E-5
1.3333333333333334E-4
6.666666666666659E-4
0.0013333333333333322
0.0013333333333333322
0.0015333333333333334
0.0015333333333333334
0.0016
0.0017999999999999997
0.0020000000000000013
0.0024666666666666704
0.003133333333333337
0.003733333333333337
0.004733333333333341
0.006333333333333336
0.007199999999999996
0.010333333333333323
0.016600000000000007
0.01979999999999998
0.02399999999999994
0.025266666666666597
0.03193333333333331
0.03506666666666668
0.04293333333333361
0.047066666666667034
0.054333333333333754
0.06306666666666719
0.0686000000000006
0.07226666666666723
0.07673333333333383
0.08726666666666696
0.095666666666667
0.10273333333333375
0.1107333333333339
0.12346666666666743
0.13453333333333403
0.15033333333333354
0.16666666666666657
0.18133333333333343
0.19640000000000013
0.21026666666666682
0.22646666666666704
0.24653333333333366
0.2641999999999997
0.284666666666666
0.30026666666666585
0.31913333333333205
0.34026666666666566
0.35966666666666514
0.3761999999999984
0.3977999999999978
0.4171333333333314
0.43733333333333096
0.4579333333333314
0.4789999999999982
0.49519999999999803
0.519266666666665
0.5441333333333335
0.5678000000000013
0.592533333333334
0.6153333333333337
0.6268000000000007
0.6509333333333337
0.670000000000001
0.6979333333333336
0.7119333333333335
0.7286666666666669
0.7500666666666672
0.7625333333333332
0.772666666666667
0.7866666666666671
0.7966666666666666
0.8084666666666663
0.8198666666666664
0.8330666666666667
0.8436666666666666
0.8556666666666668
0.8654000000000002
0.8726666666666666
0.8844666666666665
0.8899333333333332
0.8950666666666661
0.9016666666666662
0.9095333333333331
0.9184666666666663
0.9212666666666663
0.9275999999999994
0.9327999999999995
0.9371333333333326
0.9415333333333328
0.944866666666666
0.9461333333333327
0.9504666666666661
0.9524666666666661
0.9550666666666662
0.9573999999999993
0.9588666666666661
0.963266666666666
0.9675333333333329
0.9693999999999996
0.9713999999999995
0.9727999999999996
0.9741999999999996
0.9754666666666663
0.9778666666666663
0.9804666666666663
0.981133333333333
0.9817333333333329
0.9817333333333329
0.9840666666666663
0.9857999999999997
0.9863999999999997
0.9869333333333331
0.9871333333333331
0.9876666666666665
0.9882666666666664
0.9883333333333331
0.9887333333333331
0.9895333333333329
0.9895333333333329
0.9900666666666664
0.9902666666666664
0.9907999999999998
0.9910666666666665
0.9928666666666666
0.9932
0.9937999999999999
0.9948666666666667
0.9954000000000001
0.9955333333333333
0.9955333333333333
0.9955333333333333
0.9956666666666667
0.9960000000000001
0.9960000000000001
0.9960000000000001
0.9962
0.9964666666666666
0.9966
0.9973333333333334
0.9973333333333334
0.9975333333333334
0.9975333333333334
0.9977999999999999
0.9980666666666667
0.9980666666666667
0.9982666666666666
0.9984666666666667
0.9990666666666667
0.9990666666666667
0.9992
0.9992
0.9992
0.9993333333333333
0.9993333333333333
0.9993333333333333
0.9993333333333333
0.9993333333333333
0.9994666666666666
0.9994666666666666
0.9994666666666666
0.9994666666666666
0.9994666666666666
0.9994666666666666
0.9994666666666666
0.9994666666666666
0.9994666666666666
0.9994666666666666
0.9994666666666666
0.9994666666666666
0.9994666666666666
0.9994666666666666
0.9995333333333333
0.9995333333333333
0.9997333333333334
0.9997333333333334
0.9997333333333334
0.9997333333333334
0.9997333333333334
0.9997333333333334
0.9997333333333334
0.9997333333333334
0.9997333333333334
0.9997333333333334
0.9997333333333334
0.9997333333333334
0.9997333333333334
0.9997333333333334
0.9997333333333334
0.9997333333333334
0.9997333333333334
0.9997333333333334
0.9997333333333334
0.9997333333333334
0.9997333333333334
0.9997333333333334
0.9997333333333334
0.9997333333333334
0.9998666666666667
0.9998666666666667
0.9998666666666667
0.9998666666666667
0.9998666666666667
0.9998666666666667
0.9998666666666667
0.9998666666666667
0.9998666666666667
0.9998666666666667
0.9998666666666667
0.9998666666666667
0.9998666666666667
0.9998666666666667
0.9998666666666667
0.9998666666666667
1.0
