79
98
91
57
75
70
54
76
70
57
62
51
91
71
90
81
71
142
82
177
76
58
78
70
66
103
121
79
75
67
86
81
69
82
90
68
65
80
127
109
151
68
142
112
71
67
128
65
62
87
70
66
142
76
55
101
70
73
95
47
114
64
78
51
108
86
80
93
69
87
57
56
66
57
68
69
54
66
72
56
82
66
79
78
79
65
75
69
80
123
110
67
74
65
91
63
54
77
63
76
70
89
62
67
85
63
66
87
128
53
66
65
79
67
98
69
73
101
54
89
89
82
201
59
89
65
80
113
62
60
66
76
71
83
132
66
100
107
61
70
82
61
79
80
77
73
65
91
87
68
66
63
141
108
67
92
131
93
60
63
65
86
72
66
93
78
156
91
80
65
63
104
79
50
86
91
96
65
60
63
67
88
65
89
130
70
88
66
65
80
63
62
62
83
73
97
62
65
79
78
56
70
104
67
82
97
65
130
75
65
81
71
93
70
72
71
83
149
91
112
108
85
58
85
135
73
81
115
71
56
61
80
62
86
73
78
86
108
62
70
61
87
87
87
79
139
70
80
105
151
69
129
66
86
55
66
87
67
82
84
64
62
79
85
59
79
76
83
76
65
76
120
59
64
77
78
80
95
67
65
65
72
51
72
70
65
69
80
70
73
62
94
97
90
67
53
87
82
90
129
56
68
65
68
90
89
83
67
62
84
62
70
62
70
67
87
72
58
146
67
75
53
101
63
90
62
76
102
106
61
70
103
69
78
82
110
65
56
77
65
65
65
82
72
76
85
71
87
117
85
65
71
62
90
104
76
114
67
100
63
75
57
57
89
57
63
78
55
92
65
101
112
81
67
60
112
67
55
75
50
66
86
82
83
74
89
83
86
76
60
62
55
79
80
75
58
63
59
63
73
69
104
103
77
74
77
71
107
56
65
68
63
71
77
73
81
65
63
60
118
91
75
64
64
65
81
151
69
81
82
95
71
95
84
67
70
86
65
69
82
114
56
62
77
82
103
64
65
90
90
69
99
65
83
66
87
65
88
112
71
150
59
123
75
79
82
61
54
65
92
58
73
76
74
97
77
62
67
86
74
78
65
54
62
75
76
89
82
57
151
106
91
82
63
60
74
65
82
64
81
72
61
62
71
60
103
85
87
73
105
65
62
91
91
93
110
79
106
86
80
84
85
57
147
87
84
57
78
81
140
67
112
93
77
86
69
56
101
87
69
77
66
131
75
108
60
87
67
124
92
97
79
102
49
93
71
67
61
72
109
70
71
57
117
82
99
101
74
101
71
69
106
90
78
70
72
64
108
66
87
70
92
85
76
92
68
79
88
63
55
64
107
76
68
60
64
121
64
68
61
80
103
120
116
90
96
66
87
80
67
104
90
86
63
67
69
86
87
86
77
70
69
86
82
58
63
67
81
87
69
79
86
107
67
62
67
67
77
65
127
96
67
68
79
100
118
54
84
49
108
92
67
80
51
64
82
66
51
82
112
82
66
113
82
61
82
127
91
109
85
92
112
87
59
64
117
93
68
64
60
93
75
73
68
70
136
91
89
77
106
87
69
92
115
56
87
60
103
89
70
127
82
79
60
64
87
75
61
69
67
67
62
113
97
62
72
69
56
74
67
62
78
56
112
101
75
82
67
79
125
105
100
93
70
62
80
66
65
89
72
106
77
69
95
62
70
107
100
127
93
61
60
60
73
64
69
95
82
74
64
82
91
100
60
75
65
89
126
59
91
67
80
92
93
66
54
64
69
81
53
121
102
95
70
63
99
69
105
71
66
86
97
65
89
67
101
90
88
55
47
100
47
75
56
146
63
62
53
89
59
68
67
59
127
68
101
144
102
87
61
92
131
90
87
101
57
82
94
82
57
95
77
68
74
70
67
76
73
58
64
62
87
89
83
76
68
80
71
136
81
76
57
78
65
98
79
70
101
60
71
76
103
64
79
62
100
63
77
73
83
53
73
75
56
74
89
84
62
113
81
61
63
66
65
77
69
72
77
85
65
83
87
107
61
103
56
70
153
82
82
96
75
90
60
70
65
95
81
66
92
87
147
67
95
60
77
95
107
72
75
130
69
73
80
79
70
217
67
118
69
80
75
98
77
72
61
74
65
74
75
88
61
75
85
77
62
65
73
140
69
64
76
81
112
86
100
65
54
63
71
64
87
73
85
80
90
63
62
91
62
79
121
57
87
65
54
55
65
85
69
70
100
66
68
129
86
64
161
79
69
61
70
56
75
108
92
66
66
71
127
