79
79
49
26
64
66
54
33
66
49
37
52
38
47
62
34
47
62
37
62
39
52
52
37
64
49
64
62
99
83
37
49
69
44
62
37
63
63
45
71
62
66
45
47
57
52
64
65
39
58
70
60
44
26
36
47
68
55
30
38
54
64
43
67
47
67
49
55
42
55
29
47
66
38
45
52
96
44
37
52
44
54
59
35
38
44
79
64
54
34
69
34
63
62
62
66
54
37
39
48
38
56
92
64
64
63
72
40
64
60
34
28
43
49
79
44
52
64
54
69
45
59
64
54
101
49
80
42
35
60
64
75
52
63
54
51
56
87
52
48
35
52
62
54
50
54
38
49
55
64
64
126
141
45
65
58
49
71
44
47
42
44
47
42
55
52
40
79
49
39
63
58
79
44
54
79
60
65
47
63
58
129
39
45
60
49
65
66
65
49
65
37
47
93
69
65
49
33
65
37
51
41
58
64
44
64
38
33
63
65
66
44
55
31
44
54
60
79
55
47
100
39
38
37
47
35
79
68
65
49
33
42
37
86
42
64
64
45
52
60
34
63
64
65
79
69
67
49
54
28
55
32
49
58
28
42
129
49
38
69
47
64
46
55
45
42
48
47
58
44
64
65
44
64
64
77
70
69
64
45
65
74
35
47
55
65
66
59
49
33
52
30
38
66
49
55
33
65
53
92
35
49
65
54
62
46
69
44
54
33
49
28
38
28
64
64
45
56
49
96
64
47
58
39
53
37
39
54
54
50
92
54
87
65
42
68
65
41
64
63
65
34
66
64
37
66
56
62
61
79
65
52
54
87
69
49
65
58
52
79
64
37
57
73
47
39
82
37
60
59
54
47
66
52
47
45
37
54
60
54
41
64
42
62
59
44
52
54
69
58
26
38
62
49
64
42
39
47
28
70
42
42
69
47
63
64
69
54
91
49
26
63
44
33
69
49
52
43
58
66
79
46
56
62
48
37
64
69
42
66
74
63
49
45
54
39
89
49
49
49
29
28
37
52
52
67
37
39
47
49
63
64
65
52
63
35
65
80
54
52
58
37
34
64
66
29
47
38
39
115
58
63
63
58
49
64
31
49
71
55
52
65
45
52
55
42
77
44
32
62
38
63
69
63
47
39
65
37
54
49
43
58
37
47
52
51
87
49
52
52
56
24
65
37
55
54
79
38
86
52
28
70
35
83
61
45
47
39
66
54
42
70
55
38
68
69
34
69
55
69
64
66
54
81
101
29
58
64
27
58
65
63
61
49
55
54
40
52
46
49
52
105
52
47
40
69
45
54
46
63
69
54
65
64
47
49
64
23
62
62
29
47
50
65
44
39
79
28
63
61
54
64
66
40
60
43
64
64
62
34
39
66
33
33
64
64
49
75
52
62
52
62
55
82
64
69
54
50
90
49
66
55
68
66
65
23
47
60
64
50
52
60
91
85
37
54
44
67
45
49
65
65
39
79
100
65
54
48
42
48
54
52
62
51
64
53
42
47
49
48
33
42
62
81
47
57
63
66
69
35
58
47
55
38
64
52
91
29
64
58
69
59
54
44
58
52
79
49
63
62
55
69
47
65
82
62
52
65
47
58
40
47
59
58
64
58
64
123
49
45
45
39
55
68
54
49
62
47
44
60
35
33
47
48
62
64
66
49
79
65
44
48
90
44
52
52
42
65
74
47
65
42
54
55
62
67
58
51
47
39
45
74
52
33
49
52
69
33
54
47
64
81
66
52
47
39
32
64
52
79
52
52
66
69
63
38
64
69
66
70
65
50
69
50
63
54
55
66
54
64
49
46
65
69
65
74
59
34
38
38
47
38
52
47
62
37
74
45
112
36
61
52
47
45
64
42
87
58
105
44
47
47
49
87
58
27
79
47
49
81
69
37
26
63
39
64
45
67
35
64
62
40
63
63
52
52
54
54
47
60
60
30
54
65
42
79
66
49
58
47
47
100
45
33
52
49
63
52
53
53
52
54
64
47
49
52
66
55
44
60
58
49
44
39
52
55
64
49
41
44
52
87
62
47
65
48
44
45
66
54
69
52
47
26
68
45
62
66
64
42
55
37
52
33
41
71
79
64
58
35
62
41
38
49
49
58
79
102
37
69
55
64
52
37
40
34
44
65
58
64
65
34
49
50
74
55
49
62
23
69
64
52
47
48
54
62
65
107
37
44
44
87
71
33
36
47
39
29
63
45
89
56
52
65
39
54
47
45
55
67
66
48
74
55
65
64
64
56
79
69
54
60
55
72
47
62
64
41
69
45
