79
79
49
52
64
66
54
52
68
31
51
44
65
47
62
41
47
62
39
62
73
52
52
51
64
49
66
62
48
52
46
41
69
44
90
127
42
63
52
69
73
66
57
70
57
52
66
65
62
58
69
47
44
45
52
77
34
56
65
40
54
64
67
47
112
58
49
55
44
55
44
47
66
40
52
52
54
56
64
44
44
54
38
50
65
60
60
64
55
59
69
44
63
55
62
63
62
50
39
47
100
60
62
64
64
63
66
40
75
68
49
44
53
69
79
44
52
64
54
69
54
46
64
54
92
49
70
67
37
36
64
62
52
63
54
51
98
62
58
28
41
52
62
68
44
122
46
49
140
64
66
63
47
54
65
60
49
69
39
56
65
73
57
43
55
63
46
79
80
42
63
67
79
58
71
79
50
65
50
63
58
62
54
45
79
67
65
66
65
56
47
57
40
69
67
65
65
65
65
75
59
38
67
64
44
75
45
45
100
65
66
87
55
60
52
54
39
93
57
54
61
45
51
42
47
51
45
71
65
49
46
42
64
58
54
66
64
67
52
44
41
63
70
65
79
69
63
49
110
50
60
47
49
60
44
42
62
49
65
69
59
51
90
49
38
47
98
52
75
47
66
65
44
64
75
71
61
69
64
38
65
46
45
47
55
65
75
54
44
63
63
42
57
66
49
48
39
65
42
62
42
49
65
68
62
101
69
63
64
42
49
77
40
36
64
64
52
66
42
54
69
47
58
53
54
55
64
54
54
50
51
90
55
65
82
66
65
41
60
63
65
50
66
71
63
66
69
62
41
79
65
83
54
62
69
49
65
52
52
63
66
45
44
69
60
56
62
42
54
65
46
101
66
52
56
102
67
54
57
56
55
64
53
55
34
63
55
54
69
136
56
50
62
49
54
50
53
57
54
54
66
88
69
76
63
64
54
69
62
49
37
63
44
70
69
64
44
86
58
66
79
59
49
54
42
52
64
69
42
68
41
100
49
52
115
51
67
54
64
59
37
47
64
52
52
47
48
44
69
56
63
71
65
54
70
46
65
49
54
52
104
34
107
64
66
53
56
42
39
66
39
63
70
43
49
69
56
65
71
84
52
65
52
63
56
46
74
53
64
87
63
65
69
63
47
54
65
46
54
43
63
58
55
55
44
51
37
54
62
53
67
53
64
46
55
52
79
39
40
62
70
68
37
39
60
105
47
65
66
54
43
61
55
38
68
89
60
69
85
69
75
66
68
37
45
29
58
75
65
58
65
66
35
34
62
96
42
67
48
81
52
68
60
56
67
71
52
54
41
63
76
54
65
71
47
49
64
104
41
62
35
65
50
65
54
42
79
34
63
62
54
64
66
78
60
84
64
64
75
54
35
57
38
46
64
64
49
64
70
49
52
62
74
58
66
82
54
44
54
49
66
61
54
66
49
51
47
37
78
52
52
72
62
54
40
54
67
52
63
63
65
65
42
79
48
48
54
53
65
112
54
52
62
44
64
50
49
63
80
57
46
66
62
66
62
49
45
66
69
50
58
48
61
52
66
52
52
60
64
86
69
67
54
44
58
52
79
49
63
61
61
71
49
113
52
87
69
65
56
60
67
47
65
105
64
58
64
41
49
45
54
54
55
66
47
54
62
56
65
57
27
41
49
74
62
64
66
81
90
65
78
67
49
52
60
59
54
65
52
49
65
64
71
55
62
58
58
64
47
42
52
42
52
35
55
56
95
51
54
47
64
58
63
52
67
39
29
64
73
79
52
60
66
69
66
46
64
69
66
119
42
46
69
43
63
54
55
68
71
85
49
54
65
95
65
54
67
64
43
62
70
40
52
53
62
41
57
64
112
44
55
52
47
45
60
43
62
58
80
40
41
47
50
55
70
64
79
38
42
37
95
49
38
63
45
64
102
64
61
64
62
67
63
84
52
67
57
71
75
47
62
52
54
65
38
79
66
49
58
50
50
51
39
73
52
48
63
52
49
40
52
71
64
54
49
45
66
55
55
37
87
35
44
43
52
55
64
62
47
60
52
62
62
50
65
56
52
56
66
69
69
62
47
38
66
40
53
66
66
49
56
37
40
38
41
54
79
64
84
86
73
52
64
67
157
102
77
54
66
69
54
73
52
50
39
58
60
65
58
75
42
58
67
64
82
55
49
62
56
69
64
83
50
48
70
118
65
49
64
37
74
84
68
45
44
47
49
60
50
45
44
85
49
65
41
59
47
52
55
73
66
149
77
55
51
64
64
44
79
69
76
70
55
64
77
92
67
52
69
52
