1000
0.0
0.0028999999999999994
0.0028999999999999994
0.008499999999999992
0.01139999999999997
0.015099999999999973
0.018499999999999996
0.02100000000000003
0.02100000000000003
0.026300000000000094
0.03710000000000021
0.05500000000000033
0.06470000000000037
0.07030000000000042
0.10919999999999996
0.1585999999999995
0.2051999999999994
0.22070000000000017
0.26980000000000076
0.29130000000000034
0.3152999999999995
0.33149999999999885
0.3507999999999982
0.37459999999999893
0.4068999999999983
0.44559999999999783
0.47289999999999777
0.5196999999999982
0.5737999999999996
0.6001999999999998
0.6387999999999976
0.6544999999999984
0.6850999999999997
0.7069999999999993
0.7141
0.7359999999999992
0.7763999999999994
0.7763999999999994
0.7929000000000003
0.8123999999999991
0.8184000000000001
0.8214999999999998
0.844499999999999
0.8613000000000005
0.896000000000001
0.896000000000001
0.9088000000000006
0.9433000000000006
0.9433000000000006
0.9467000000000013
0.9603000000000006
0.9630000000000009
0.9801000000000012
0.9801000000000012
0.9829999999999998
0.9829999999999998
0.9829999999999998
0.9829999999999998
0.9888000000000006
0.9888000000000006
0.9888000000000006
0.9888000000000006
0.9888000000000006
0.9888000000000006
0.9888000000000006
0.9888000000000006
0.9888000000000006
1.0
