37
37
35
20
29
37
40
25
37
45
47
44
30
43
31
20
43
31
59
31
53
68
68
47
27
35
29
31
45
51
25
47
48
44
31
59
30
40
28
33
31
37
28
53
20
51
29
39
48
53
53
45
44
20
45
53
45
50
30
26
33
27
59
47
53
53
35
50
45
50
45
20
37
26
28
51
40
45
47
45
44
40
30
25
30
44
45
29
40
48
48
45
40
50
31
40
40
59
53
53
47
44
31
29
27
40
37
48
29
53
20
45
30
39
37
44
68
27
40
48
28
48
27
40
28
35
33
59
20
45
27
31
51
40
40
45
53
31
51
45
25
51
31
33
44
33
26
35
50
27
27
40
26
28
39
53
39
48
45
43
53
25
43
45
50
68
26
37
35
53
40
53
37
45
33
37
20
39
43
40
53
31
53
28
30
35
39
37
39
35
53
47
48
48
33
39
39
30
39
59
20
45
53
29
44
29
26
25
40
39
37
45
50
45
44
40
30
37
50
45
53
53
26
59
43
25
45
51
39
35
25
45
47
35
45
27
27
28
68
44
48
40
29
39
37
48
40
35
33
45
48
20
39
53
45
45
31
35
30
48
43
47
25
45
26
20
53
53
59
26
27
39
44
27
29
33
53
48
29
26
39
30
25
43
50
39
29
40
20
25
68
30
47
37
39
45
25
30
20
31
20
35
39
33
31
28
48
44
47
30
39
45
48
45
27
29
28
45
45
40
29
26
53
53
35
47
53
40
40
48
47
33
50
39
59
37
39
20
20
40
39
48
37
29
25
37
33
31
20
37
39
51
40
31
48
39
39
51
68
40
29
47
45
48
45
20
68
47
45
30
28
53
37
51
43
28
59
40
45
43
20
27
30
68
48
44
68
33
48
53
20
26
31
35
40
45
53
43
45
33
45
45
48
53
40
29
33
33
35
39
20
40
44
25
48
35
44
25
53
37
37
59
39
40
53
47
27
48
45
37
47
40
35
28
40
45
35
35
39
59
20
20
47
51
51
47
48
30
43
39
40
29
39
51
40
25
39
35
40
51
53
48
48
29
37
30
43
26
53
45
48
40
40
48
39
29
20
39
33
50
51
39
28
68
50
26
35
44
20
31
25
40
48
40
43
53
39
25
40
45
26
51
47
43
26
47
47
39
68
44
39
20
25
48
50
28
37
20
48
68
45
37
20
20
50
28
43
53
37
40
45
53
50
20
33
48
48
48
50
48
29
37
33
59
28
30
53
27
20
53
39
40
48
45
50
40
59
51
45
35
68
33
68
20
59
48
28
40
20
40
48
40
39
29
53
43
27
20
20
31
30
20
48
39
45
53
37
45
40
50
40
27
37
20
48
20
29
29
31
48
48
47
25
25
27
27
35
29
44
39
51
31
50
68
27
48
33
25
33
35
37
50
33
37
39
20
26
30
29
47
51
30
31
45
48
40
59
28
28
28
39
39
53
37
53
53
40
45
30
53
40
51
31
47
29
59
45
20
35
53
25
45
31
37
53
35
45
37
33
25
53
53
50
26
27
68
51
20
27
53
48
59
33
44
53
68
37
35
40
53
50
48
20
39
68
31
68
39
43
53
59
43
30
53
29
53
29
48
39
28
28
53
50
37
26
39
31
43
53
45
20
25
43
53
31
29
37
35
37
39
44
53
20
44
68
51
45
39
28
43
39
59
33
50
31
53
53
47
43
53
28
30
68
25
39
51
48
25
40
43
27
35
40
51
59
53
20
27
68
37
51
68
20
48
40
26
27
48
37
53
20
25
48
59
40
40
50
37
33
27
35
45
39
48
39
28
35
48
26
20
53
26
68
20
31
48
47
20
45
45
50
51
43
28
20
45
31
53
33
26
20
43
35
50
53
20
37
20
30
47
48
59
20
40
53
27
28
27
20
27
31
59
28
40
51
28
33
33
45
43
68
45
33
39
48
37
37
39
53
43
43
47
20
25
51
53
40
51
53
30
51
33
29
43
39
28
37
50
26
59
48
45
44
53
51
50
27
35
20
44
51
31
31
43
39
20
44
28
37
33
48
68
43
20
37
26
53
37
27
45
50
48
59
25
20
33
37
27
53
45
31
20
20
35
35
53
30
40
47
48
40
29
51
59
53
48
44
39
48
29
30
48
59
47
30
50
30
31
20
48
29
68
43
53
33
53
39
39
47
59
30
29
33
25
45
43
53
20
43
26
44
20
39
39
53
40
26
26
50
33
37
53
30
50
39
27
29
26
37
48
51
30
50
29
53
31
29
20
48
28
