1000
0.0
0.0
1.999999999999999E-4
0.001150000000000002
0.0027499999999999972
0.0032999999999999956
0.004549999999999997
0.006999999999999985
0.008449999999999987
0.010700000000000008
0.016400000000000064
0.020400000000000102
0.025850000000000182
0.031150000000000243
0.03735000000000001
0.04339999999999991
0.04934999999999981
0.05689999999999981
0.06549999999999978
0.07094999999999967
0.07729999999999959
0.08429999999999967
0.0910999999999996
0.10019999999999962
0.1142499999999997
0.12769999999999979
0.13469999999999985
0.14629999999999976
0.15585000000000018
0.17160000000000003
0.18699999999999994
0.20254999999999995
0.2174500000000002
0.23099999999999993
0.24319999999999994
0.26294999999999935
0.2855499999999998
0.3010499999999995
0.31984999999999925
0.3389999999999997
0.3554500000000003
0.3737500000000004
0.39685000000000004
0.4236499999999999
0.44415
0.4619999999999997
0.4818999999999999
0.4999999999999999
0.5151499999999988
0.5374500000000008
0.551949999999999
0.5755499999999992
0.5977999999999998
0.6133
0.634900000000001
0.6556500000000002
0.67545
0.6891500000000006
0.7136000000000002
0.7330500000000008
0.7512500000000016
0.7614000000000009
0.7769500000000009
0.7904000000000011
0.8008000000000008
0.8173000000000021
0.8259000000000021
0.8347500000000029
0.8478000000000026
0.8607500000000021
0.8682500000000022
0.8740000000000017
0.880700000000001
0.8863500000000009
0.8932000000000008
0.8995000000000013
0.9101000000000024
0.9156000000000025
0.9216000000000029
0.9277000000000031
0.9323000000000029
0.9362000000000026
0.9388500000000027
0.9447000000000021
0.9467500000000021
0.9497000000000022
0.9542500000000017
0.9574500000000018
0.9614500000000014
0.9636500000000014
0.9662000000000011
0.9674000000000011
0.9679500000000012
0.9694000000000013
0.9697000000000012
0.9735000000000005
0.9742500000000006
0.9753000000000006
0.9766000000000006
0.9775000000000008
0.9782500000000007
0.9786500000000008
0.979250000000001
0.9804000000000006
0.9820500000000009
0.9829000000000007
0.9832000000000007
0.9841000000000008
0.9845500000000007
0.9849500000000009
0.9852500000000008
0.9853500000000008
0.9859000000000008
0.9864000000000007
0.9883500000000002
0.9892500000000001
0.98985
0.98985
0.9900500000000001
0.9926999999999998
0.9932499999999997
0.9934999999999999
0.9943999999999998
0.9949499999999998
0.9953999999999998
0.9953999999999998
0.9959499999999999
0.9959499999999999
0.996
0.99645
0.99645
0.9967999999999999
0.9968499999999999
0.9968499999999999
0.99705
0.99715
0.9974
0.9976499999999999
0.9977500000000001
0.99795
0.99805
0.9981500000000001
0.99855
0.9986
0.99895
0.9990000000000001
0.9990000000000001
0.9991500000000001
0.9991500000000001
0.9991500000000001
0.9991500000000001
0.9991500000000001
0.9993000000000001
0.9994500000000001
0.9994500000000001
0.9994500000000001
0.9994500000000001
0.9994500000000001
0.9994500000000001
0.9994500000000001
0.9995
0.9995
0.9996
0.9996
0.9996
0.9996
0.9996
0.9996
0.9996
0.9996
0.9996
0.9996
0.9996
0.9996
0.9996
0.9996
0.99975
0.99975
0.99975
0.9999
0.9999
0.9999
0.9999
0.9999
0.9999
0.9999
1.0
