66
87
87
68
72
43
77
46
77
75
71
58
69
82
115
52
82
115
96
115
73
84
125
71
64
87
72
115
59
69
47
71
61
66
115
96
69
63
56
61
115
77
56
73
71
69
72
120
69
84
84
57
77
68
82
61
75
104
69
62
47
64
96
71
61
84
87
89
60
114
59
67
70
76
56
69
57
57
88
43
58
57
69
52
69
58
55
72
74
69
70
43
65
89
115
63
61
96
121
61
71
58
115
77
64
63
67
97
72
79
68
109
70
56
80
58
96
130
69
69
56
69
64
57
75
91
66
96
68
63
64
123
98
127
60
84
61
124
69
55
76
77
115
72
58
50
66
91
89
66
83
123
91
56
120
86
56
73
69
97
73
66
84
57
89
98
50
81
87
120
74
84
66
57
73
66
68
120
96
63
84
115
73
63
69
99
120
77
120
90
77
71
69
61
61
120
73
69
120
96
81
59
84
72
67
72
60
66
63
120
77
57
89
82
58
74
69
66
89
57
61
73
50
96
82
66
60
69
120
87
69
57
137
87
57
78
64
77
84
61
96
90
91
120
66
61
123
87
61
48
69
46
80
84
53
138
115
87
69
61
84
71
135
82
76
52
61
61
96
66
64
120
58
103
72
58
61
61
72
111
120
69
53
82
89
120
72
69
68
52
96
85
89
52
56
70
69
95
42
115
49
87
120
65
115
75
89
141
71
69
56
82
91
56
64
72
56
57
98
80
89
66
89
73
87
88
73
60
116
69
71
70
89
120
96
69
120
145
68
63
120
69
46
72
73
87
51
143
40
66
177
69
57
115
76
61
120
76
84
63
72
71
76
88
42
51
117
71
57
69
90
61
109
69
122
56
96
57
44
82
68
64
69
84
84
77
94
47
145
84
40
50
115
87
74
78
73
82
44
78
64
84
88
61
99
72
40
86
87
56
68
93
71
54
76
106
130
50
84
61
66
106
56
57
73
71
64
66
57
69
88
163
87
79
77
92
87
87
56
96
142
67
71
69
69
71
69
80
82
56
65
72
120
70
148
80
120
87
74
69
84
104
69
104
98
69
82
80
98
75
154
63
63
76
56
106
67
56
83
89
69
120
77
84
89
50
87
66
68
115
59
100
66
63
82
101
120
45
57
69
50
69
96
82
52
88
79
59
108
75
80
68
43
69
89
108
66
71
69
84
59
40
68
68
116
113
82
73
109
57
57
73
104
96
51
63
69
108
89
153
72
42
73
96
64
69
84
64
47
84
120
69
69
40
135
116
96
69
56
87
84
78
96
70
96
61
89
60
53
63
85
116
132
86
61
82
64
80
53
115
69
46
91
120
58
79
66
59
72
89
57
74
67
68
69
68
72
72
115
81
69
71
79
77
64
64
105
72
62
56
78
115
89
84
64
64
73
44
62
116
81
89
40
77
56
85
76
69
72
71
69
69
115
84
69
69
96
56
59
66
120
120
73
66
61
73
57
82
69
73
62
69
115
83
72
96
78
53
87
61
77
64
115
52
87
87
70
69
127
66
121
87
89
57
64
105
69
68
66
94
113
96
61
58
94
84
66
87
63
61
89
90
50
120
84
115
84
120
102
84
96
82
70
84
72
84
88
81
80
56
60
73
89
57
66
56
115
82
73
130
117
43
102
84
115
72
40
87
71
120
123
61
68
107
84
69
78
120
59
82
120
96
56
89
115
180
94
71
82
73
63
69
143
110
88
69
68
77
57
82
130
87
63
81
96
73
68
64
84
66
124
84
68
63
77
50
65
61
97
64
49
53
145
96
79
57
89
40
83
64
87
57
138
88
124
90
87
69
54
55
87
66
84
81
115
69
79
74
57
44
89
69
82
67
71
57
115
84
40
76
59
82
87
89
84
68
66
63
75
71
64
96
68
69
82
64
56
64
137
64
115
96
56
187
69
63
78
70
76
82
105
105
74
120
69
80
67
56
119
82
82
76
68
65
140
61
80
69
73
75
87
66
72
82
56
60
69
125
50
96
81
58
60
73
69
89
66
87
50
58
89
115
115
86
120
52
83
62
73
82
61
84
82
68
44
105
73
58
64
70
89
69
96
110
67
70
100
64
94
75
115
54
68
117
87
84
83
75
88
88
69
72
69
96
73
69
58
120
79
72
69
69
96
71
69
89
95
115
40
63
72
96
82
82
40
61
120
56
71
96
69
72
85
50
76
82
73
71
86
67
66
46
72
120
89
57
66
68
89
83
83
61
69
125
57
64
72
91
66
62
69
77
89
72
61
115
72
52
88
56
