93
88
49
57
75
66
54
50
66
41
92
53
56
50
62
42
50
62
59
146
63
84
63
51
64
56
64
62
53
52
70
51
69
65
62
43
53
63
127
71
101
66
52
61
58
52
75
65
58
59
67
56
48
47
128
54
82
55
42
44
54
66
67
57
74
88
55
55
54
55
45
49
66
44
45
52
59
46
51
53
59
54
74
39
65
44
53
64
54
95
69
44
63
65
62
66
54
41
41
100
37
61
62
75
64
63
68
41
64
46
47
51
74
49
91
44
57
64
54
69
67
40
64
62
96
65
71
67
46
36
64
62
157
63
54
54
100
69
67
62
73
69
62
71
59
71
47
56
55
64
64
63
46
127
65
58
51
69
61
47
65
50
47
42
87
52
46
79
66
60
63
58
91
58
102
91
70
65
50
74
70
62
46
58
53
54
65
66
65
86
39
57
51
69
80
65
49
70
65
65
32
57
58
69
44
75
83
37
66
65
66
60
61
49
44
54
74
79
55
42
61
63
40
37
57
73
39
142
65
54
99
54
37
49
46
96
64
45
52
61
51
66
64
65
82
69
63
55
71
63
58
35
62
58
44
54
62
54
74
69
49
85
56
49
46
52
48
76
40
45
64
65
44
64
66
63
76
69
66
72
65
74
64
47
69
65
121
54
37
41
62
74
55
66
49
60
50
43
47
87
34
55
65
68
62
67
69
49
57
87
62
58
40
48
64
75
63
43
53
54
75
41
87
42
86
54
103
54
54
60
50
54
85
65
67
68
65
50
64
63
65
50
66
75
150
70
71
62
43
91
65
52
54
92
69
54
65
76
52
63
64
51
44
69
50
56
52
67
64
53
82
48
75
52
100
45
81
54
63
47
49
64
47
60
39
59
52
86
71
104
56
82
73
80
54
60
68
50
39
90
43
60
69
67
63
71
71
68
49
49
43
73
44
65
69
72
44
64
58
82
79
67
56
54
44
70
64
69
43
66
47
63
80
45
54
49
49
81
62
67
54
56
50
52
52
100
63
63
59
56
66
64
65
52
63
60
65
49
54
68
58
58
43
64
66
65
50
53
44
49
64
63
63
58
49
64
56
49
54
55
52
65
45
52
68
45
49
53
64
62
46
63
69
63
101
44
65
68
62
67
47
52
56
54
45
42
57
74
57
65
49
32
67
48
74
45
82
39
58
52
53
82
38
64
61
54
47
41
70
54
42
61
55
38
71
69
61
69
55
69
64
68
56
59
45
46
69
64
33
88
65
70
47
49
93
54
49
58
42
49
63
71
52
62
43
69
52
61
36
66
69
54
65
75
61
47
64
101
31
62
59
49
49
65
49
39
79
34
63
75
55
64
70
64
58
64
64
75
62
95
50
70
72
73
64
66
65
87
60
56
54
62
61
91
64
126
57
73
68
81
66
62
54
66
49
68
51
82
64
62
52
36
90
51
60
55
67
58
96
45
65
65
42
79
67
47
87
44
59
62
54
52
62
51
75
75
66
56
49
112
73
64
62
81
56
65
57
68
69
36
58
61
62
47
64
52
58
39
64
58
69
64
54
44
58
55
88
54
63
61
61
69
53
65
52
62
60
65
47
70
81
47
65
58
75
58
64
43
55
55
54
49
55
82
44
65
70
122
40
44
62
63
68
62
62
65
66
75
82
65
44
89
33
44
59
52
53
65
67
47
65
67
73
113
62
60
92
56
47
69
45
63
69
50
49
52
150
64
54
57
64
84
63
58
67
85
64
64
109
91
58
60
34
69
70
44
64
89
115
70
104
73
69
119
63
69
56
68
71
64
70
43
65
69
65
45
86
61
50
49
52
51
60
41
62
61
66
42
47
60
55
52
50
67
55
42
62
70
69
45
56
81
49
61
58
64
79
47
74
62
69
67
64
63
42
64
74
64
54
85
62
88
45
81
52
52
71
68
98
47
59
57
54
65
46
91
66
49
58
49
59
52
43
70
52
61
86
52
108
63
52
71
85
47
49
57
66
75
46
43
66
63
65
39
58
87
67
65
62
44
54
62
91
54
65
49
65
52
66
69
69
52
57
64
66
65
42
66
64
42
55
48
67
50
52
71
87
78
58
41
62
52
45
49
81
58
74
54
37
84
96
64
52
47
65
71
44
65
40
64
42
46
56
62
49
57
76
62
41
95
77
52
50
61
54
74
113
49
59
75
105
64
71
35
48
47
143
64
47
45
44
40
49
65
39
54
44
42
55
54
66
62
49
55
62
66
64
40
79
69
53
44
55
87
69
62
64
41
69
45
