79
79
55
97
64
70
74
56
66
60
71
65
65
54
90
49
64
62
77
62
53
62
76
94
66
54
125
87
82
58
73
51
71
74
62
75
74
63
56
73
69
81
58
108
44
98
95
116
58
70
58
89
67
68
55
69
44
87
70
65
71
135
76
81
56
87
64
140
60
57
67
90
82
64
63
77
62
98
94
127
65
55
82
49
65
70
53
82
97
63
71
57
100
58
92
74
60
67
78
69
51
52
107
64
64
73
66
58
96
85
85
53
60
69
79
59
73
86
54
84
67
49
66
62
102
81
69
149
64
43
67
87
52
87
54
54
61
62
67
75
53
60
62
69
53
80
47
55
93
64
64
79
51
74
65
58
67
80
53
76
62
76
58
54
55
63
61
90
81
70
91
105
91
58
71
91
71
65
63
74
60
142
78
63
65
80
65
105
74
68
71
76
95
89
71
65
56
65
65
70
104
56
78
77
76
65
65
105
63
127
66
60
62
80
65
54
74
88
93
66
73
46
55
129
81
63
75
54
65
80
39
52
57
81
60
66
76
67
138
65
58
63
75
87
82
76
68
54
86
75
40
66
65
67
127
61
92
55
70
69
64
71
38
53
46
90
85
76
67
63
68
65
65
66
75
90
88
71
77
56
65
82
73
81
56
87
64
56
60
73
52
65
73
82
65
49
101
42
92
87
56
89
65
68
107
68
70
63
88
65
64
55
62
79
64
75
96
66
47
96
77
65
67
64
81
57
76
55
54
87
81
80
55
65
65
68
65
92
49
63
65
105
72
65
73
66
87
107
62
79
65
54
139
62
69
64
65
52
71
63
75
59
58
69
57
124
74
76
66
46
63
76
66
61
76
101
77
62
75
54
92
64
97
62
66
44
62
71
96
70
75
50
62
56
59
46
120
72
60
69
115
49
71
78
63
72
86
73
80
64
38
74
65
76
89
81
53
73
60
68
82
85
65
61
53
88
66
71
43
66
51
63
74
54
55
60
138
54
69
129
59
62
70
59
83
73
161
63
57
67
63
65
87
52
83
76
65
84
54
67
107
60
58
79
98
74
50
63
43
73
60
63
63
88
66
82
92
82
71
55
54
65
102
68
70
83
80
65
47
90
41
74
71
66
47
42
65
79
112
66
50
52
70
76
83
62
44
64
92
59
65
53
76
58
85
67
79
64
58
78
57
85
57
71
56
56
59
68
74
56
64
76
55
67
71
69
39
69
55
69
113
66
69
88
65
65
58
64
72
60
65
63
54
75
86
62
51
57
49
62
60
77
58
52
75
71
100
54
62
66
69
54
87
87
48
59
101
72
56
90
65
92
58
65
58
62
79
56
84
56
54
86
68
71
59
42
75
77
92
49
91
68
53
38
64
67
54
64
74
66
52
90
67
82
86
69
86
51
86
82
66
78
71
96
62
92
72
74
128
51
52
70
62
53
58
61
65
54
89
67
65
67
63
79
69
70
59
63
74
62
54
52
95
70
64
75
89
62
80
98
76
57
87
68
73
82
75
75
80
78
69
125
87
50
64
62
52
66
64
58
70
67
71
65
87
69
79
77
85
100
85
72
63
92
69
87
60
65
50
114
75
57
65
104
77
70
67
51
62
78
52
76
68
66
56
65
92
61
48
85
104
73
81
70
99
65
68
54
88
88
47
65
64
61
70
61
59
76
67
79
65
66
69
55
99
92
92
94
80
54
88
65
81
54
62
54
69
51
56
54
64
75
70
58
82
49
57
64
63
88
54
91
73
71
73
76
67
89
66
120
62
70
71
88
66
67
56
66
68
67
54
85
65
69
65
110
49
54
55
52
118
65
62
55
62
51
66
57
54
85
55
61
50
53
45
62
62
60
69
64
69
71
49
58
58
50
79
56
60
106
70
67
67
63
68
85
67
66
58
66
99
67
63
63
67
67
71
86
60
122
55
75
71
65
46
79
68
49
60
64
91
93
140
50
52
61
74
59
40
82
69
80
75
57
67
67
68
70
55
82
87
41
68
46
53
87
111
81
62
65
52
62
79
59
65
47
68
89
68
86
71
62
125
52
68
63
57
81
66
66
93
43
59
78
56
86
79
64
70
75
87
56
96
66
68
88
65
59
68
69
99
66
58
59
77
61
65
65
69
75
121
95
67
51
65
57
65
62
57
71
65
76
62
62
73
108
65
137
71
59
57
64
70
135
60
81
68
65
60
61
63
92
49
97
63
56
51
61
56
91
68
62
60
75
126
64
85
67
79
69
100
75
93
69
112
62
87
66
70
56
