1000
0.0
0.0
6.666666666666667E-5
6.666666666666667E-5
2.6666666666666673E-4
7.333333333333332E-4
7.333333333333332E-4
7.333333333333332E-4
7.333333333333332E-4
7.333333333333332E-4
7.999999999999999E-4
8.666666666666665E-4
0.0010666666666666674
0.0012666666666666672
0.001333333333333334
0.0014000000000000009
0.0021333333333333356
0.0030000000000000035
0.004933333333333331
0.0067999999999999935
0.007199999999999995
0.009666666666666652
0.010066666666666646
0.012666666666666644
0.014533333333333303
0.01799999999999997
0.020199999999999975
0.02373333333333329
0.02886666666666659
0.03253333333333326
0.035066666666666656
0.0370000000000001
0.041533333333333464
0.04480000000000018
0.04880000000000028
0.05273333333333368
0.058800000000000456
0.06360000000000054
0.07173333333333369
0.07846666666666714
0.08653333333333381
0.09346666666666713
0.10306666666666718
0.11460000000000051
0.12313333333333384
0.1323333333333337
0.14286666666666697
0.15246666666666653
0.16646666666666626
0.17966666666666636
0.19399999999999995
0.20473333333333343
0.22153333333333322
0.23186666666666655
0.24293333333333328
0.2559333333333338
0.2712666666666664
0.281333333333333
0.2959999999999992
0.3131333333333322
0.3279333333333322
0.3437999999999985
0.36286666666666473
0.3765333333333309
0.3934666666666641
0.41033333333333066
0.4361999999999976
0.45666666666666417
0.47366666666666396
0.49839999999999796
0.5178666666666631
0.5353333333333319
0.5545333333333321
0.5666000000000008
0.5869999999999989
0.6041999999999994
0.6245999999999995
0.6443333333333315
0.6643333333333327
0.6810666666666657
0.6964666666666665
0.7145333333333329
0.7268666666666668
0.7414666666666659
0.7542666666666664
0.7674666666666656
0.7842666666666661
0.7975333333333322
0.8093999999999986
0.8201333333333317
0.8314666666666652
0.8391999999999986
0.8471999999999984
0.853933333333332
0.8637333333333317
0.8693333333333321
0.8746666666666656
0.882799999999999
0.8897999999999993
0.8943333333333326
0.9009333333333326
0.905866666666666
0.9123999999999993
0.9189333333333324
0.925133333333332
0.9291999999999988
0.9326666666666655
0.9359333333333323
0.9377333333333324
0.9393999999999992
0.9435999999999991
0.9483333333333326
0.9513333333333326
0.9537999999999992
0.9565999999999991
0.9592666666666658
0.9616666666666661
0.9629333333333326
0.9655999999999995
0.9667333333333329
0.9689999999999996
0.9709333333333329
0.9715999999999996
0.9741333333333329
0.975333333333333
0.9763333333333329
0.9783999999999997
0.9808666666666664
0.9814666666666664
0.9831999999999999
0.9846666666666664
0.9852666666666664
0.9855999999999999
0.9858
0.9862666666666665
0.9867333333333332
0.9873999999999997
0.9876666666666664
0.9881999999999999
0.9886666666666665
0.9890666666666665
0.9901333333333333
0.9908666666666667
0.9910666666666667
0.9912000000000001
0.9921333333333333
0.9928666666666666
0.9929999999999999
0.9930666666666667
0.9930666666666667
0.9936666666666666
0.9942666666666666
0.9944
0.9945333333333333
0.9946666666666666
0.9947999999999999
0.9951333333333332
0.9951333333333332
0.9951333333333332
0.9953333333333333
0.9957333333333334
0.9961333333333333
0.9961333333333333
0.9964666666666667
0.9966
0.9966
0.9968666666666667
0.9971333333333333
0.9973333333333334
0.9974666666666667
0.9976
0.9976
0.9976
0.9976
0.9977333333333335
0.9977333333333335
0.9978666666666668
0.9980666666666669
0.9983333333333335
0.9984666666666667
0.9986
0.9986
0.9988666666666667
0.9988666666666667
0.9988666666666667
0.9988666666666667
0.9991333333333334
0.9991333333333334
0.9991333333333334
0.9991333333333334
0.9991333333333334
0.9991333333333334
0.9991333333333334
0.9991333333333334
0.9991333333333334
0.9994
0.9994
0.9994
0.9994
0.9994
0.9994
0.9994
0.9994
0.9995333333333333
0.9995333333333333
0.9995333333333333
0.9995333333333333
0.9996666666666667
0.9996666666666667
0.9996666666666667
0.9996666666666667
0.9996666666666667
0.9996666666666667
0.9996666666666667
0.9996666666666667
0.9996666666666667
0.9996666666666667
0.9996666666666667
0.9996666666666667
0.9998666666666667
0.9998666666666667
0.9998666666666667
0.9998666666666667
0.9998666666666667
0.9998666666666667
1.0
